 2000000            0            0 
 2001000    1.4506465   -1.5187999 
 2002000    1.7947909   -1.9769475 
 2003000    1.9272295   -2.0877834 
 2004000    2.0080239   -2.1946188 
 2005000    2.0211782    -2.119205 
 2006000    1.9496315   -2.1062876 
 2007000    2.0168041   -2.1097935 
 2008000    1.8895259   -1.9169053 
 2009000    2.3966317   -2.6387689 
 2010000    2.1374436   -2.1937847 
 2011000    2.1158527   -2.3071587 
 2012000    2.4060565   -2.5982407 
 2013000    2.2464613   -2.4299421 
 2014000    2.1930339   -2.3550703 
 2015000    2.3213576   -2.4977723 
 2016000    2.3968302   -2.4549925 
 2017000    2.3971336   -2.5917497 
 2018000    2.4351067   -2.6085824 
 2019000    2.4834803   -2.6233946 
 2020000    2.2754008   -2.5078361 
 2021000     2.161944   -2.3364855 
 2022000    2.2362737   -2.3257757 
 2023000    2.1635479   -2.3880456 
 2024000    1.9658723   -2.0458677 
 2025000    2.1735763   -2.2634354 
 2026000    2.4518716   -2.4567134 
 2027000    2.2810333   -2.4040063 
 2028000    1.7270237    -1.885418 
 2029000    1.9386187   -2.0406038 
 2030000    2.0696023   -2.1162088 
 2031000    1.8747549   -2.0161745 
 2032000    2.2598875    -2.465148 
 2033000    2.3628478   -2.4736402 
 2034000    1.9279267   -2.0525179 
 2035000    1.9198338   -2.1124176 
 2036000    1.9684967   -2.1234993 
 2037000    1.7739695   -1.9322315 
 2038000    2.1280088   -2.2970743 
 2039000    2.2112685   -2.3520432 
 2040000    2.6192314    -2.807676 
 2041000    2.0179966   -2.2224096 
 2042000    2.2175208   -2.3761404 
 2043000    2.1524402   -2.2987561 
 2044000     2.108644     -2.24986 
 2045000    2.0433276   -2.1296002 
 2046000    2.0578723   -2.1851355 
 2047000    2.2856046   -2.4365943 
 2048000    1.9501725   -2.0532455 
 2049000    2.3357363   -2.4918258 
 2050000    2.3049233   -2.4266789 
 2051000    2.2197686   -2.3906709 
 2052000    2.2413913   -2.3352803 
 2053000    2.2071472   -2.3285441 
 2054000    2.1171972   -2.2571758 
 2055000    2.5890368   -2.7569533 
 2056000    2.2580201   -2.3510647 
 2057000     2.325101   -2.4367416 
 2058000     2.345247   -2.4611801 
 2059000    2.2765789   -2.4424885 
 2060000    2.1754077   -2.3393142 
 2061000    2.4351039   -2.5136629 
 2062000    2.2032027   -2.2741349 
 2063000    2.3414105   -2.4745345 
 2064000    2.5726127   -2.6631232 
 2065000    2.2799079   -2.3681836 
 2066000    2.2574719   -2.3470947 
 2067000    2.2726579   -2.3682976 
 2068000    2.5189689   -2.5003064 
 2069000     2.474808    -2.684453 
 2070000    2.2416615   -2.3960977 
 2071000    2.0625536    -2.302588 
 2072000    2.6220906   -2.6659163 
 2073000    2.2194262   -2.4091265 
 2074000    1.9521628   -2.0297985 
 2075000    2.1442789   -2.2694473 
 2076000    2.4335381   -2.5409187 
 2077000    2.1257492   -2.2858368 
 2078000    2.5611013   -2.6877361 
 2079000    2.5077955   -2.5943144 
 2080000    2.2735247   -2.3979323 
 2081000    2.0314507   -2.1751639 
 2082000    2.2839787   -2.4383021 
 2083000    2.3773087   -2.4917121 
 2084000    2.1860905   -2.3237806 
 2085000    2.1005903   -2.2388303 
 2086000    1.7810996      -1.8965 
 2087000    1.9147413   -1.9879481 
 2088000    2.1399166   -2.3093077 
 2089000    2.0156068   -2.2232729 
 2090000    2.6497894   -2.8143547 
 2091000    2.6313953   -2.7278593 
 2092000    2.7316897   -2.8668947 
 2093000    2.6157267   -2.7593588 
 2094000     2.730026   -2.8439989 
 2095000     2.194721   -2.3867479 
 2096000    1.8921407    -1.934777 
 2097000    2.4016104   -2.5221327 
 2098000    2.3980773   -2.6696951 
 2099000     2.519806   -2.6408868 
 2100000    2.6131349   -2.7539753 
 2101000    2.3266667   -2.5220387 
 2102000    2.1548416   -2.3048543 
 2103000    2.5766449   -2.7534826 
 2104000    2.6010857    -2.706122 
 2105000    2.6943004   -2.8095376 
 2106000    2.5365858   -2.6660316 
 2107000    2.9761598   -3.0899943 
 2108000    2.5003615   -2.6676998 
 2109000    2.3972164   -2.4385604 
 2110000    2.5976297   -2.6502306 
 2111000     2.597606   -2.7764648 
 2112000     2.156373   -2.3168832 
 2113000    2.2835586   -2.3842639 
 2114000    1.9551296   -2.0777242 
 2115000     2.055292    -2.250782 
 2116000    2.2964486   -2.4111792 
 2117000    2.1366665   -2.2727804 
 2118000    2.1332897   -2.3146687 
 2119000     1.857633   -1.9678777 
 2120000    2.3141224   -2.4389227 
 2121000    1.9473014   -2.0517581 
 2122000    2.1267802   -2.2738966 
 2123000    2.4384915    -2.548592 
 2124000    2.1053997   -2.2704346 
 2125000    1.7747445   -1.9303535 
 2126000    2.0748655   -2.1645196 
 2127000    2.0039778   -2.0658521 
 2128000     2.308927   -2.4518333 
 2129000    2.5737272   -2.7421532 
 2130000    1.9488942   -2.1045358 
 2131000    1.8831806   -2.0214147 
 2132000    2.2619834   -2.3746629 
 2133000    2.2806982   -2.4378815 
 2134000    2.1811825   -2.3580502 
 2135000    2.4497555   -2.6356985 
 2136000    2.3436917   -2.4848463 
 2137000    2.3561991   -2.4747083 
 2138000    2.3421358   -2.4769444 
 2139000    2.2284201   -2.4249281 
 2140000    2.5900548   -2.7376074 
 2141000    2.7031461   -2.8827399 
 2142000    2.1960479   -2.3213341 
 2143000    2.3862649   -2.4488873 
 2144000    2.2486275   -2.3311261 
 2145000    2.3495172   -2.4810912 
 2146000    2.3448179   -2.4348083 
 2147000    2.2306904   -2.3791018 
 2148000    2.5275432   -2.6563117 
 2149000    2.3411744   -2.4596313 
 2150000    2.1821655   -2.3403959 
 2151000    2.6286535   -2.8321965 
 2152000    2.6023161   -2.7247712 
 2153000    2.6220901     -2.71747 
 2154000    2.5157199   -2.6805898 
 2155000     2.188004   -2.1954286 
 2156000    2.3651466   -2.5021981 
 2157000    2.6456127   -2.7233613 
 2158000    2.5010171   -2.7129738 
 2159000    2.1376103   -2.2868821 
 2160000    2.3704886   -2.4375498 
 2161000    2.2740672   -2.4643769 
 2162000    2.0657005    -2.111667 
 2163000    2.5312412   -2.7561703 
 2164000    2.5635488   -2.7050172 
 2165000    2.3968348   -2.5372235 
 2166000    2.2886155   -2.3902118 
 2167000    1.9768084   -2.1033886 
 2168000    2.3890331   -2.5462179 
 2169000    2.8419921   -2.8996295 
 2170000     2.144623   -2.2593754 
 2171000    2.2395235   -2.3174802 
 2172000    2.3290321   -2.4006806 
 2173000    2.6342871   -2.7416466 
 2174000    2.3869058   -2.6012898 
 2175000    2.4922953    -2.601739 
 2176000    2.3635744   -2.5083903 
 2177000    2.2506053   -2.3508714 
 2178000    2.0726774    -2.181522 
 2179000    2.0265249   -2.1675394 
 2180000    2.2789212   -2.3991093 
 2181000     2.520215   -2.6921951 
 2182000    2.3758776   -2.5461711 
 2183000    1.9776615     -2.16243 
 2184000    1.8996277   -2.0131599 
 2185000    2.0517314   -2.1699313 
 2186000    1.9075755    -2.005535 
 2187000    1.8712794   -2.0821828 
 2188000    2.0405204    -2.235938 
 2189000    2.0151096   -2.1725169 
 2190000    2.4788531   -2.6499178 
 2191000    2.6344533   -2.8169006 
 2192000    1.9827155    -2.124478 
 2193000    2.2822868   -2.3617514 
 2194000    2.2906298   -2.4200062 
 2195000    2.1601995   -2.3275324 
 2196000    2.2356998   -2.4330067 
 2197000    2.3908199   -2.4753105 
 2198000    2.8335645   -2.9926035 
 2199000    2.5862301   -2.7655972 
 2200000    2.2853915   -2.3533714 
 2201000    2.0952476   -2.1599078 
 2202000    2.3524211   -2.4732087 
 2203000    2.3155074   -2.4171949 
 2204000    2.2272616   -2.3249889 
 2205000    2.2465948   -2.3708735 
 2206000    2.8500915   -3.0151518 
 2207000    2.4601593   -2.6217902 
 2208000    2.6000616   -2.7901556 
 2209000    2.3423923   -2.5072852 
 2210000    2.2389862   -2.2918439 
 2211000    2.0248155   -2.1330376 
 2212000    2.5903645   -2.8414567 
 2213000    2.4049908   -2.6160188 
 2214000    2.1418415   -2.2931345 
 2215000    2.3083923   -2.4081303 
 2216000    2.2934494   -2.4452237 
 2217000    2.0106457   -2.1401657 
 2218000    2.1038488   -2.2424079 
 2219000    1.8327346   -1.9067252 
 2220000    1.6510482   -1.7344253 
 2221000    2.1585254   -2.2558129 
 2222000    2.1115892   -2.2613057 
 2223000    2.2182864   -2.3842357 
 2224000    1.9928578   -2.1196831 
 2225000    2.1011091   -2.2432002 
 2226000    2.2179292   -2.3854462 
 2227000    2.1318009   -2.2471403 
 2228000    1.9427234   -2.0832757 
 2229000    1.9820053   -2.0568895 
 2230000    2.2919912   -2.3973082 
 2231000    1.8719497   -1.9911734 
 2232000    2.1061035     -2.23432 
 2233000    1.9962607   -2.1073826 
 2234000    2.0432844   -2.1758996 
 2235000    1.8873135   -1.9617752 
 2236000    2.1367149   -2.2208699 
 2237000    2.1255553   -2.3354051 
 2238000    2.1709965   -2.4083735 
 2239000    2.5884365   -2.7680509 
 2240000     2.362359   -2.5512861 
 2241000    2.1135762   -2.2197544 
 2242000    2.4200671   -2.4767303 
 2243000     2.180724   -2.2041234 
 2244000    2.4669441   -2.5616388 
 2245000    2.4161977   -2.5545098 
 2246000    2.0557109   -2.1577669 
 2247000    1.9614518   -2.1348517 
 2248000    2.0392772   -2.1441513 
 2249000    2.1489799   -2.2115146 
 2250000    2.1666301   -2.3176804 
 2251000     2.201314   -2.3089938 
 2252000    1.9559318   -2.0589386 
 2253000    2.1759366   -2.2741735 
 2254000    2.3502091   -2.4653617 
 2255000    2.4171244   -2.5182231 
 2256000    2.6192786   -2.8285771 
 2257000    2.6658123   -2.7444517 
 2258000    2.2836181   -2.3913856 
 2259000    2.1459311   -2.2826098 
 2260000    2.0804385   -2.1366902 
 2261000    2.4500999   -2.5947621 
 2262000    2.3755351   -2.5681604 
 2263000     1.756455    -1.859995 
 2264000    2.2940492   -2.4040256 
 2265000    2.6190674     -2.79371 
 2266000    2.5217543   -2.6526553 
 2267000    2.5225679   -2.5874715 
 2268000    2.4758528   -2.7157466 
 2269000    2.4537133   -2.5749349 
 2270000    2.4312207   -2.6118466 
 2271000    2.4018935   -2.5348573 
 2272000    2.2821434   -2.3682805 
 2273000    2.5285488   -2.6370304 
 2274000    2.5051887   -2.5710758 
 2275000    2.6696448   -2.7574151 
 2276000    2.3014134   -2.3731108 
 2277000    2.3021341   -2.4238637 
 2278000    2.3669032   -2.4693371 
 2279000    2.3664113   -2.4798584 
 2280000     2.290387   -2.4211771 
 2281000    2.4319023   -2.5688863 
 2282000    2.4284347   -2.5697138 
 2283000    2.2371753   -2.3367801 
 2284000    1.9313555    -2.089833 
 2285000    2.3400325   -2.5145949 
 2286000    2.0438789   -2.1507505 
 2287000    2.0877134    -2.168308 
 2288000     1.916735   -2.0146939 
 2289000    2.3380235   -2.4706362 
 2290000    2.0891717   -2.2221217 
 2291000    2.1656389   -2.3641867 
 2292000    2.1358418   -2.3301304 
 2293000    2.4445278   -2.4944645 
 2294000     2.256751   -2.4042268 
 2295000    2.2909944   -2.5712316 
 2296000    2.5430245   -2.6275836 
 2297000    2.2900776   -2.4384223 
 2298000    2.9024051   -3.0121987 
 2299000    1.8898711   -2.0477256 
 2300000    2.1692084   -2.2703582 
 2301000    2.2939507   -2.4088487 
 2302000    2.2426015   -2.3878948 
 2303000     2.042591   -2.2135665 
 2304000    2.2484396   -2.2997058 
 2305000    2.2584955   -2.3122049 
 2306000    2.4018668    -2.462383 
 2307000    2.1324074   -2.2266705 
 2308000    2.0374113   -2.2429628 
 2309000    2.5962751   -2.6235986 
 2310000    2.0722936   -2.1699738 
 2311000    2.2996694   -2.4912094 
 2312000    2.4043157   -2.5155721 
 2313000    2.7016416   -2.7678813 
 2314000    2.3212732   -2.3502295 
 2315000    1.9561171   -2.0065458 
 2316000    2.1562406     -2.20493 
 2317000    2.0811033   -2.1155634 
 2318000    2.1339007   -2.2247175 
 2319000    2.7256852    -2.845995 
 2320000    2.5946968   -2.6780308 
 2321000    2.5205083    -2.659864 
 2322000    2.4041906   -2.5695765 
 2323000    2.4416897   -2.6077075 
 2324000    2.4348665   -2.6199286 
 2325000    2.4361797   -2.6015006 
 2326000    2.3790474    -2.507218 
 2327000    2.3898326   -2.6187805 
 2328000    2.2496715   -2.4605097 
 2329000    2.4197948    -2.434427 
 2330000    2.3717024   -2.5501915 
 2331000    2.3052498   -2.5180298 
 2332000    2.2945621   -2.5108386 
 2333000    2.3315714    -2.394084 
 2334000    2.3804048   -2.5072863 
 2335000    2.2199231   -2.3137316 
 2336000    2.2009828   -2.4096384 
 2337000    2.6117514   -2.7433107 
 2338000    2.4495015   -2.5470349 
 2339000    2.5767366   -2.7299643 
 2340000    2.4802056   -2.5864217 
 2341000    2.3944009    -2.581682 
 2342000    2.1291044    -2.283402 
 2343000     2.064704   -2.2092071 
 2344000    2.2098596   -2.2702433 
 2345000    1.6231174   -1.8062589 
 2346000    1.9399253   -2.0305774 
 2347000    2.1859457    -2.243778 
 2348000    2.3816574   -2.5816391 
 2349000    2.5459223   -2.7484656 
 2350000    2.0221598   -2.1877647 
 2351000    2.1055924   -2.2515023 
 2352000    1.9751485   -2.1294736 
 2353000    2.4149508   -2.5340063 
 2354000    2.5025527   -2.6158251 
 2355000    2.2648136   -2.3534917 
 2356000    2.3226425   -2.4478127 
 2357000    2.3419042   -2.4569233 
 2358000    2.5581915   -2.6680249 
 2359000    2.5672478   -2.6837107 
 2360000    2.5698186   -2.6688597 
 2361000    2.3710764    -2.556462 
 2362000    2.4474512   -2.5554352 
 2363000     2.321407   -2.4892099 
 2364000    2.5451418   -2.6767642 
 2365000    2.5354865   -2.6152935 
 2366000    2.3586332   -2.5774746 
 2367000    2.3895089   -2.4457496 
 2368000    1.8652189   -1.9729417 
 2369000    1.9969421   -2.0565589 
 2370000    2.0083954   -2.1563823 
 2371000     2.233936   -2.4251868 
 2372000    2.3378073   -2.4692269 
 2373000    2.5249381   -2.6307514 
 2374000    2.2522242   -2.2934135 
 2375000    2.4632773   -2.5941655 
 2376000    2.0717665   -2.1684324 
 2377000    2.4029637   -2.5011118 
 2378000    2.2191789   -2.3417389 
 2379000    2.3628089   -2.4719964 
 2380000    2.5559025   -2.6945139 
 2381000    2.5542771   -2.7291595 
 2382000    1.9922365   -2.1531718 
 2383000    2.1208159    -2.190072 
 2384000    1.9170528   -2.0337814 
 2385000    1.8808099   -2.0280492 
 2386000    2.3001322   -2.3942032 
 2387000    1.9636207   -2.0482969 
 2388000    2.2298528   -2.3140357 
 2389000    2.0004938   -2.1395355 
 2390000    2.1807123   -2.2810776 
 2391000    2.3011576   -2.4843034 
 2392000    2.4021664   -2.6198321 
 2393000    2.3959854   -2.6190505 
 2394000    2.3534283    -2.465539 
 2395000    1.9287756   -2.0272526 
 2396000    1.9036917   -1.9899197 
 2397000    1.8888885   -2.0792811 
 2398000    1.6783653   -1.7997897 
 2399000    1.9236902   -2.1942562 
 2400000    2.3189768   -2.3662387 
 2401000    2.3263072   -2.4380168 
 2402000    2.0402253   -2.2369297 
 2403000    2.2166754   -2.3400789 
 2404000    2.1213907   -2.2893816 
 2405000    2.1257161   -2.2467834 
 2406000    1.5548972   -1.6461895 
 2407000    1.5905623   -1.7503398 
 2408000    2.2265456   -2.3271873 
 2409000    2.1194103   -2.2585631 
 2410000    2.0527364   -2.2476716 
 2411000    2.2880217   -2.3788557 
 2412000    2.0362347   -2.2200162 
 2413000    1.9710077   -2.1320854 
 2414000    2.2651792   -2.4580492 
 2415000    2.3217049   -2.4128014 
 2416000    2.6453407   -2.7978474 
 2417000    2.3815018   -2.5629215 
 2418000    2.1716189   -2.2644293 
 2419000    2.1381157   -2.3001768 
 2420000    2.0514432   -2.1526166 
 2421000    2.1509532   -2.3474224 
 2422000    2.2751752   -2.3884709 
 2423000    2.1712363   -2.2923875 
 2424000     2.328813   -2.5035236 
 2425000    2.2127766   -2.3243851 
 2426000    1.9009459   -2.0224522 
 2427000    2.3428061   -2.4388544 
 2428000    2.3049704   -2.5591143 
 2429000    1.9628278   -2.0939724 
 2430000    1.9826573   -2.1219925 
 2431000     2.458686   -2.6601186 
 2432000     2.246334   -2.2987634 
 2433000    2.0757826    -2.316123 
 2434000    2.1852798    -2.298772 
 2435000    2.1686091   -2.2342091 
 2436000    2.0926807   -2.2909741 
 2437000    2.3987474   -2.5486651 
 2438000    2.3424913   -2.5218977 
 2439000    2.4359677    -2.662495 
 2440000    2.3146166   -2.4471948 
 2441000    2.2039015    -2.348277 
 2442000    2.1485472   -2.3212552 
 2443000    2.0479611   -2.2149866 
 2444000     1.963809   -2.1493932 
 2445000    1.8902619   -2.0275448 
 2446000    2.2304274   -2.3949682 
 2447000    2.5356151   -2.6004881 
 2448000    2.1748088   -2.2557144 
 2449000    2.3335171   -2.4565092 
 2450000    2.6370734   -2.7228434 
 2451000    2.3822054   -2.5003625 
 2452000    2.4270385   -2.5343558 
 2453000    2.3854701   -2.5987388 
 2454000    2.0609669   -2.2521002 
 2455000    2.2625962   -2.3446494 
 2456000    2.1806482   -2.2499478 
 2457000    2.0575111   -2.2674825 
 2458000    2.5603723   -2.7259242 
 2459000    1.8674866    -1.974647 
 2460000    2.0624851   -2.1814129 
 2461000     2.157597   -2.3599401 
 2462000    2.1446456    -2.250012 
 2463000     2.391594    -2.544256 
 2464000     2.231673   -2.3031046 
 2465000    1.7619624    -1.883755 
 2466000    2.5557204   -2.7189651 
 2467000     2.423178   -2.6245827 
 2468000    2.5608316   -2.6294708 
 2469000    2.2905144   -2.4492067 
 2470000    2.6825705   -2.7547587 
 2471000     2.347147   -2.4482193 
 2472000    2.3051773   -2.3651956 
 2473000    2.3031182   -2.5265698 
 2474000    2.2416188   -2.4170125 
 2475000    2.1108829   -2.2578735 
 2476000    2.1575982   -2.2560586 
 2477000    2.1669865   -2.3067734 
 2478000     1.861625    -1.964163 
 2479000    2.0950706   -2.2338486 
 2480000    2.3289904   -2.4539205 
 2481000    2.2085146   -2.4094427 
 2482000    2.0875062    -2.291073 
 2483000    2.0060426   -2.1196395 
 2484000    2.3694949   -2.5320768 
 2485000    2.0491188   -2.1813453 
 2486000    2.2142973   -2.3206727 
 2487000    2.0121876   -2.2472941 
 2488000    2.4434643   -2.5136394 
 2489000    2.3570609   -2.4847753 
 2490000    2.3856677   -2.4643744 
 2491000    2.5950983   -2.7982429 
 2492000    1.9826206   -2.0723134 
 2493000     2.402106   -2.5131646 
 2494000    2.4756115   -2.5826825 
 2495000    2.4062305    -2.550664 
 2496000    2.4141978   -2.5541663 
 2497000    2.3617477    -2.455333 
 2498000     2.437576   -2.5558857 
 2499000    2.5967733   -2.6917258 
 2500000    2.5267503   -2.6296549 
 2501000    2.6915448   -2.7819204 
 2502000    2.1534277    -2.253662 
 2503000     2.171518   -2.3263112 
 2504000    2.2143863   -2.3213611 
 2505000    2.5073625   -2.5295815 
 2506000    1.7902397   -1.8875182 
 2507000    2.2461825   -2.4040143 
 2508000    2.4990979   -2.5929439 
 2509000    2.3017802   -2.4887223 
 2510000    2.0968891   -2.1920129 
 2511000    2.3738925   -2.5568027 
 2512000     2.286798   -2.4503302 
 2513000    2.6399238   -2.6496044 
 2514000    2.1945595   -2.2643526 
 2515000    1.9417493   -2.1020413 
 2516000    2.3983435   -2.5240255 
 2517000    2.3692109   -2.4405316 
 2518000    2.2701358   -2.4654793 
 2519000    2.3072759   -2.3300145 
 2520000    2.5793382   -2.5993118 
 2521000    2.2504785   -2.4294515 
 2522000    2.7339803   -2.8313046 
 2523000     2.627051   -2.7703009 
 2524000    2.8993482   -3.1020423 
 2525000    2.4686592   -2.6410906 
 2526000     2.232802    -2.311693 
 2527000     2.589896    -2.677386 
 2528000    3.0511443   -3.1601237 
 2529000    2.5974354   -2.7712709 
 2530000    2.4490624   -2.5691314 
 2531000    2.4665842   -2.6152804 
 2532000    2.6215189     -2.71339 
 2533000    2.3889111   -2.4734813 
 2534000    2.3804838   -2.5435954 
 2535000     2.800035   -2.8751798 
 2536000    2.7548042   -2.9388766 
 2537000    2.6913902   -2.7709158 
 2538000      2.13879    -2.265818 
 2539000    2.6689682   -2.8249194 
 2540000    2.5609762   -2.6859921 
 2541000    2.4633753   -2.5867936 
 2542000    2.7814267    -2.898451 
 2543000    2.2910798   -2.4365212 
 2544000      2.41638   -2.5029257 
 2545000    2.4685254   -2.5910938 
 2546000    2.3251272   -2.4429664 
 2547000    2.3198448   -2.4447895 
 2548000    2.1380051   -2.3084261 
 2549000    2.1574687   -2.2888782 
 2550000    2.3120385   -2.3745274 
 2551000    2.5500056   -2.6933426 
 2552000    2.3707472   -2.5631767 
 2553000    2.7912248   -2.9110334 
 2554000    2.6529692   -2.7825538 
 2555000    2.7139867   -2.8047926 
 2556000    2.4815915   -2.6148229 
 2557000    2.3410965   -2.5057582 
 2558000    2.1893091   -2.3058921 
 2559000    2.3307291   -2.4841862 
 2560000    2.1783912   -2.2633124 
 2561000    2.2438975   -2.4266368 
 2562000    2.6784407   -2.8065521 
 2563000    2.2058316   -2.3568278 
 2564000    2.2109244   -2.4048791 
 2565000    2.4239739   -2.5947145 
 2566000    2.8228198   -2.9752414 
 2567000    2.4709946   -2.6503003 
 2568000    2.3257605   -2.3864254 
 2569000    2.1469453   -2.2426882 
 2570000    2.3197923   -2.5622031 
 2571000    2.2013762   -2.3017033 
 2572000    1.9880073   -2.0885553 
 2573000     2.294293   -2.4677199 
 2574000    2.1984431   -2.3284264 
 2575000    1.8619117   -2.0112623 
 2576000    2.4200569   -2.5596111 
 2577000    2.3626482   -2.4379969 
 2578000    2.2724153   -2.4200703 
 2579000    2.1480937   -2.2513854 
 2580000    2.1519601   -2.3618434 
 2581000    2.3442232   -2.4520523 
 2582000    2.0974047   -2.1763629 
 2583000    2.4241551    -2.591265 
 2584000    2.3546507   -2.4407398 
 2585000    2.5794118   -2.6776279 
 2586000    2.6146166   -2.8213502 
 2587000    2.5963723   -2.6332853 
 2588000     2.492844   -2.6132067 
 2589000    2.2495894   -2.3763958 
 2590000    2.2302953   -2.3433463 
 2591000    2.2114701   -2.3324561 
 2592000    2.4242783   -2.5955236 
 2593000    2.6507151   -2.8193314 
 2594000    2.4477829    -2.575294 
 2595000    2.6635122    -2.841791 
 2596000    2.3042698   -2.4042935 
 2597000    1.9205179   -2.1282506 
 2598000    2.3745423   -2.5608087 
 2599000    2.4303652   -2.5564761 
 2600000    2.2987363   -2.4113006 
 2601000    2.8498446   -2.9425075 
 2602000    2.6795483   -2.8532156 
 2603000    2.5461691   -2.7010438 
 2604000    2.7511616   -2.8272603 
 2605000    2.6410066   -2.8058956 
 2606000    2.4718427   -2.5828471 
 2607000    2.4114494   -2.5362957 
 2608000    2.2848166   -2.4280659 
 2609000    2.5234711   -2.6897673 
 2610000    2.7457622   -2.8177698 
 2611000    2.8347941   -2.8985732 
 2612000    2.5741145   -2.6691226 
 2613000      2.76905   -2.9000776 
 2614000    2.0806895   -2.2032614 
 2615000    2.3932209   -2.4365664 
 2616000     2.189083   -2.3036776 
 2617000    2.2144201   -2.3749128 
 2618000    2.3618654   -2.5244735 
 2619000    2.5419837   -2.5823211 
 2620000    2.3984543   -2.5030542 
 2621000    2.4163137    -2.544003 
 2622000     2.522011   -2.6385126 
 2623000     2.327614    -2.358823 
 2624000    2.1819439   -2.3067846 
 2625000    2.4391011   -2.5143521 
 2626000    2.4619137   -2.6034926 
 2627000    2.3710268   -2.6066407 
 2628000    2.3564065   -2.4066324 
 2629000     2.661462   -2.8091455 
 2630000     2.386957   -2.4935769 
 2631000    2.4896699   -2.6624974 
 2632000    2.4684156   -2.5404428 
 2633000    2.6078137   -2.7728085 
 2634000      2.56695   -2.6712229 
 2635000    2.3926672   -2.5278771 
 2636000    2.3504849   -2.5152798 
 2637000    2.1332134   -2.2702469 
 2638000    2.5299652   -2.7242221 
 2639000    2.4985982   -2.5275469 
 2640000    2.2314399    -2.419952 
 2641000    1.9986743    -2.104693 
 2642000    2.5382963   -2.6486101 
 2643000    2.4393796   -2.5969037 
 2644000    2.7695492   -2.8637528 
 2645000    2.6457538   -2.8047293 
 2646000    2.6121711   -2.7844231 
 2647000    2.4555423   -2.5106721 
 2648000    2.8147158   -2.9627391 
 2649000    2.6197481   -2.7925638 
 2650000     2.690076   -2.8396305 
 2651000    2.3619531   -2.5145634 
 2652000    2.7467274   -2.8350295 
 2653000    2.2574881   -2.3579649 
 2654000    2.5577512   -2.7108148 
 2655000    2.4639705   -2.5671782 
 2656000    2.3134364   -2.4957095 
 2657000    2.6214819   -2.7669364 
 2658000    2.5239068   -2.6701385 
 2659000    2.3394203   -2.4525728 
 2660000    2.4906912   -2.5762042 
 2661000    2.5671322   -2.6828465 
 2662000    2.4254626   -2.4857803 
 2663000    2.3566625   -2.4352678 
 2664000    2.3392846   -2.4641442 
 2665000    2.4698452   -2.6099142 
 2666000     2.681352   -2.7956818 
 2667000    2.1181105   -2.3219992 
 2668000    2.4767286   -2.5787803 
 2669000    2.5689312   -2.7726219 
 2670000    2.9047348    -2.993797 
 2671000    2.3839924   -2.5316193 
 2672000    2.4657405   -2.5829146 
 2673000    2.1025496   -2.1658387 
 2674000    2.6518359   -2.8013842 
 2675000    2.2784965   -2.3898205 
 2676000    2.1988494   -2.3420474 
 2677000    2.2191168   -2.4042658 
 2678000    2.3447388   -2.5414482 
 2679000    2.4402177   -2.5877342 
 2680000    2.2073583   -2.3007856 
 2681000    2.1912597   -2.2549208 
 2682000     2.463094   -2.6113046 
 2683000    2.5388586   -2.7176784 
 2684000    1.9750539   -2.1317583 
 2685000    2.0131906   -2.1084116 
 2686000     2.199509   -2.3919732 
 2687000    2.2643496   -2.4228745 
 2688000    2.3865584   -2.5298378 
 2689000    2.3373226   -2.5130603 
 2690000    2.5067441   -2.6302305 
 2691000    2.2693634   -2.4163605 
 2692000    2.3560291   -2.5185382 
 2693000    2.5601387    -2.867438 
 2694000    2.5570751   -2.6847212 
 2695000    2.6495533   -2.7876617 
 2696000    2.3990029   -2.5442695 
 2697000    2.6506643   -2.7477197 
 2698000    2.4683474   -2.6578448 
 2699000     2.419477   -2.5151473 
 2700000    2.6433843   -2.7871402 
 2701000    2.5840598    -2.751931 
 2702000    2.6514518   -2.7441043 
 2703000    2.4574149   -2.5993524 
 2704000    2.1405993   -2.2780349 
 2705000    2.4197606   -2.5364637 
 2706000    2.6678256   -2.8273106 
 2707000    2.3468634   -2.5738033 
 2708000     2.441669   -2.6550387 
 2709000    1.9826951   -2.1444179 
 2710000    2.2373414   -2.3573775 
 2711000    2.4976805   -2.5983583 
 2712000    2.5197963   -2.6430513 
 2713000    2.4343874   -2.5213737 
 2714000    2.2610608   -2.3844366 
 2715000    2.6007387   -2.7796988 
 2716000    2.5957371   -2.7868995 
 2717000    2.4465748   -2.5432866 
 2718000    2.2998991   -2.4535276 
 2719000    2.2413947     -2.34862 
 2720000    2.2325965   -2.3949111 
 2721000     2.224403   -2.3801544 
 2722000    2.6672702   -2.8501898 
 2723000    2.4659318   -2.6123958 
 2724000    2.3047701   -2.4757991 
 2725000    2.4900053   -2.5953735 
 2726000    2.6695717   -2.8157881 
 2727000    2.3348536   -2.4974007 
 2728000    2.1151025   -2.1421253 
 2729000    2.2356486    -2.379081 
 2730000    2.4120637   -2.5607977 
 2731000    2.2425624   -2.4076228 
 2732000    2.6531524   -2.8366324 
 2733000     2.780193   -2.9065598 
 2734000    2.4148502   -2.5589673 
 2735000    2.0397849   -2.1895984 
 2736000    2.2754832   -2.4074335 
 2737000    2.4711263   -2.5871163 
 2738000    2.1919091   -2.2334741 
 2739000    2.1003119   -2.3519942 
 2740000    2.6190307   -2.7247246 
 2741000    2.3654119    -2.552001 
 2742000    2.4724809   -2.6441127 
 2743000    1.9769946   -2.0348215 
 2744000    2.1162946   -2.2860155 
 2745000    2.2261157   -2.3630905 
 2746000    2.4226658   -2.5515435 
 2747000    2.2840855   -2.4299439 
 2748000     2.123785   -2.2343193 
 2749000    2.1976087   -2.3598817 
 2750000    2.0906861   -2.2158464 
 2751000    2.3596941   -2.5366385 
 2752000    2.0820085   -2.2003016 
 2753000    2.2410932   -2.3095758 
 2754000    2.2350375   -2.2865879 
 2755000     2.343966   -2.4739725 
 2756000    2.2267512   -2.3675438 
 2757000    2.4846922    -2.540751 
 2758000    2.3797426   -2.5189098 
 2759000    2.3017314     -2.45412 
 2760000      2.27641   -2.3540959 
 2761000    2.3905751   -2.5650337 
 2762000    2.3631887   -2.3936198 
 2763000    2.2645745   -2.4542068 
 2764000    2.1996415   -2.2672165 
 2765000    2.3957898   -2.5993109 
 2766000    2.9503112   -3.0765576 
 2767000    2.6068129   -2.7874947 
 2768000    2.3111334   -2.3905195 
 2769000     2.442975   -2.5677163 
 2770000    2.3832917   -2.5444726 
 2771000    2.3656538   -2.3893071 
 2772000    2.1878664    -2.347318 
 2773000    2.2225444   -2.3646255 
 2774000    1.8251472   -1.9859221 
 2775000    2.2906563   -2.4006431 
 2776000    2.1487784   -2.3702968 
 2777000    2.1709079    -2.349337 
 2778000    2.0396408   -2.1859998 
 2779000    2.2777954   -2.3976627 
 2780000    2.4116654   -2.4753087 
 2781000    2.5486891   -2.6212069 
 2782000    1.9405279   -2.1190421 
 2783000    2.4469284   -2.6124495 
 2784000    2.4144858   -2.5024858 
 2785000    2.5019717   -2.6385336 
 2786000    2.4673325   -2.6212574 
 2787000    2.4121536    -2.452799 
 2788000    2.1828768    -2.316256 
 2789000    2.0252421   -2.1809255 
 2790000    1.8965271   -1.9590621 
 2791000    1.9351383   -2.0206223 
 2792000    2.5314384   -2.5521355 
 2793000    2.3598354   -2.5278507 
 2794000    2.1292499   -2.2742708 
 2795000    2.2686784   -2.4713536 
 2796000    2.1490623   -2.2301714 
 2797000    2.3311172   -2.4401906 
 2798000    2.3045143   -2.3538138 
 2799000    1.8949412   -1.9732336 
 2800000     2.059221   -2.2095236 
 2801000    2.0698581   -2.1833058 
 2802000    2.6154451   -2.7597306 
 2803000    2.8361203   -2.9579177 
 2804000    2.1748449   -2.2922331 
 2805000    2.0693056   -2.2461396 
 2806000     2.172755   -2.2718906 
 2807000    2.2980534   -2.3683632 
 2808000    2.9624004     -3.14722 
 2809000    2.3780075   -2.5750024 
 2810000    2.6230573   -2.7486238 
 2811000    2.4194044    -2.564986 
 2812000    2.7395249   -2.9525607 
 2813000    2.9317458   -3.0868151 
 2814000    2.5675419   -2.7896061 
 2815000    2.3628359   -2.5139923 
 2816000    2.6402487   -2.6737224 
 2817000    2.6008844   -2.6630309 
 2818000    1.9259844   -2.0661657 
 2819000    2.2376107   -2.3288808 
 2820000    2.2584871   -2.4790637 
 2821000    2.2204059   -2.3419413 
 2822000    2.1296509   -2.3448918 
 2823000    2.7439426   -2.8289702 
 2824000    2.2762003    -2.492876 
 2825000    2.7645032   -2.8844219 
 2826000    2.4457915   -2.5819092 
 2827000    2.7171133   -2.9306851 
 2828000    2.4495406   -2.5562663 
 2829000    2.6673802   -2.8208079 
 2830000    2.5325184   -2.6166881 
 2831000    2.5398119   -2.6278885 
 2832000     2.577287   -2.7049517 
 2833000    2.0511651   -2.2489765 
 2834000    1.8328748   -2.0550414 
 2835000    2.0260327   -2.1294357 
 2836000    2.1031687   -2.2994187 
 2837000    2.2794527   -2.4852731 
 2838000    2.4272173   -2.5047577 
 2839000    2.4768955    -2.622672 
 2840000    2.2217422   -2.3349094 
 2841000    2.3740327   -2.4802885 
 2842000    2.2974971   -2.3721033 
 2843000    2.2319528   -2.3643732 
 2844000    2.5028828    -2.629712 
 2845000    2.6991549   -2.8267645 
 2846000    2.2877438   -2.4228074 
 2847000    2.0915864    -2.241279 
 2848000    2.2623566   -2.3791022 
 2849000    2.3259726   -2.4032039 
 2850000    2.0205968   -2.2063079 
 2851000    2.2511532   -2.2815135 
 2852000    2.1478965   -2.2639869 
 2853000    2.2107693   -2.3425879 
 2854000    2.1790802   -2.3403871 
 2855000    2.4398578     -2.62841 
 2856000    2.1454978   -2.1813615 
 2857000    2.0567262   -2.2672906 
 2858000    2.2704438   -2.4149889 
 2859000    2.2088674   -2.3299511 
 2860000    1.6954371   -1.7905755 
 2861000    2.4480505   -2.5180863 
 2862000    2.4842994   -2.6313001 
 2863000    2.4588789   -2.6349031 
 2864000    2.6247271    -2.754177 
 2865000     2.585593   -2.6860471 
 2866000    2.7441224   -2.8698523 
 2867000    2.4294121   -2.4666077 
 2868000    2.5471196   -2.6050626 
 2869000    2.1166823   -2.2218768 
 2870000    2.1556166   -2.2267953 
 2871000    2.0837881   -2.2211552 
 2872000    2.1787943   -2.3180465 
 2873000    2.0575104   -2.1768066 
 2874000    1.6758585   -1.8468833 
 2875000    2.0255477   -2.1519764 
 2876000    2.4106512   -2.5860966 
 2877000     2.315916   -2.5192848 
 2878000     2.152886   -2.2918877 
 2879000    2.5872625   -2.6922426 
 2880000    2.0856312   -2.1522776 
 2881000    2.0220819   -2.1865224 
 2882000    2.2702357   -2.4001316 
 2883000    2.0898685    -2.262914 
 2884000     2.313268   -2.4126495 
 2885000    2.3652273    -2.480461 
 2886000    2.3899626    -2.440325 
 2887000    2.3190328   -2.4419439 
 2888000     2.201001   -2.3404323 
 2889000    2.3310566   -2.4551645 
 2890000    2.3894241   -2.5837477 
 2891000    2.2223078   -2.4108891 
 2892000    1.9481467   -2.0429958 
 2893000    2.0631595    -2.165705 
 2894000    1.6152023   -1.6986469 
 2895000    1.8985352   -2.1352355 
 2896000    1.9127028   -2.0299947 
 2897000    2.1112565   -2.2048449 
 2898000    2.1286432   -2.3147223 
 2899000    2.0641612   -2.1970756 
 2900000    2.2336794   -2.3791177 
 2901000    2.3320703   -2.4565426 
 2902000    2.1699371   -2.3305629 
 2903000    1.9477364   -2.1045991 
 2904000    2.3048282   -2.3935429 
 2905000    1.9444622   -2.0148222 
 2906000    2.3116772   -2.4618183 
 2907000    2.3509015   -2.4977881 
 2908000    2.5810991    -2.714194 
 2909000    2.1728507   -2.2886946 
 2910000    2.2953463   -2.4879257 
 2911000    2.6182555   -2.7870293 
 2912000    2.4023914   -2.4896549 
 2913000    2.5161424   -2.7109645 
 2914000    2.3624424   -2.4587773 
 2915000    2.3279751   -2.4799997 
 2916000    2.1343922   -2.2446643 
 2917000    2.0093492    -2.083843 
 2918000    2.1708085   -2.3533243 
 2919000    2.2221003   -2.4044657 
 2920000    1.9710933   -2.1263077 
 2921000    2.1385815   -2.3374714 
 2922000    2.3833917   -2.3906661 
 2923000    1.8821342   -1.9870235 
 2924000    2.1414771   -2.3818236 
 2925000    2.5163592   -2.6885338 
 2926000    2.3529662   -2.4915659 
 2927000    2.2073189   -2.3562117 
 2928000    2.1226341    -2.269329 
 2929000    2.1660823   -2.2576764 
 2930000    1.7226814   -1.8647191 
 2931000    1.6192907   -1.6761982 
 2932000    1.6472226    -1.738032 
 2933000    1.9319424   -2.0258899 
 2934000    2.1372254   -2.3315884 
 2935000    2.4224072   -2.6070509 
 2936000    2.0076369   -2.2171691 
 2937000    1.8592594    -2.004096 
 2938000    1.9062562    -2.109946 
 2939000    2.2115835   -2.3750802 
 2940000     1.872914   -1.9916147 
 2941000    2.1789591   -2.2844648 
 2942000     2.248577    -2.307166 
 2943000    2.4074788   -2.5851697 
 2944000    2.0075001   -2.1615987 
 2945000    2.1942264   -2.3586072 
 2946000    1.9738332   -2.0107044 
 2947000    2.0211979   -2.1308327 
 2948000    2.0583241    -2.143422 
 2949000    2.2519634   -2.3184035 
 2950000    2.1897374   -2.3259647 
 2951000    2.0791066   -2.1322994 
 2952000    2.2427948   -2.3670356 
 2953000    2.2591119   -2.3886058 
 2954000    2.7359036   -2.9669669 
 2955000    2.4026411   -2.6092259 
 2956000     2.444171   -2.5851067 
 2957000    2.0795013   -2.2699383 
 2958000    2.0576456   -2.1891422 
 2959000    2.2198144   -2.3577395 
 2960000    2.2577748   -2.4146641 
 2961000    2.3455622   -2.5029445 
 2962000    1.8975344   -2.1177341 
 2963000    2.1224553   -2.1827832 
 2964000    2.4859944   -2.6237734 
 2965000    2.1879822   -2.3479921 
 2966000    2.1400887   -2.3099295 
 2967000    2.4027907   -2.5208618 
 2968000    2.7383849   -2.8365229 
 2969000    2.6404121   -2.7248687 
 2970000    2.4306968   -2.5897883 
 2971000    2.3949698   -2.5587571 
 2972000    2.1149534    -2.270223 
 2973000    2.5184779   -2.5814747 
 2974000    2.1931796   -2.2678074 
 2975000     2.260644    -2.328543 
 2976000    2.3552917   -2.4491289 
 2977000    2.5050801   -2.6694445 
 2978000    2.0268462   -2.1787912 
 2979000    2.6260437   -2.8127317 
 2980000    2.5212087   -2.5205518 
 2981000    2.2060292   -2.3000684 
 2982000    2.3818024   -2.5622312 
 2983000    2.1898609   -2.3635638 
 2984000    2.2139941   -2.3685035 
 2985000     1.997458   -2.1290973 
 2986000    2.1135958   -2.2753778 
 2987000    2.3935008   -2.5510766 
 2988000    2.1537544   -2.3537649 
 2989000    2.3912798   -2.5200932 
 2990000    2.2565862   -2.3534262 
 2991000    2.2587564   -2.3817935 
 2992000    2.5091173   -2.6861538 
 2993000    2.5282053   -2.6367824 
 2994000    2.5004479    -2.658371 
 2995000    2.4705068   -2.5341439 
 2996000    1.9714411   -2.1150961 
 2997000    2.3396833   -2.4441065 
 2998000    2.2709348   -2.3500617 
 2999000     2.161056   -2.2178603 
 3000000    2.3209353   -2.3823854 
 3001000    2.6138701   -2.7519487 
 3002000    2.7006468    -2.870472 
 3003000    2.5758262   -2.7299003 
 3004000     2.846746   -2.8776786 
 3005000    2.2743707   -2.4121558 
 3006000    2.3521864   -2.3877809 
 3007000     1.990681   -2.1297693 
 3008000    2.1539063   -2.3289759 
 3009000    2.1809331   -2.3043837 
 3010000    2.3711551   -2.4493833 
 3011000    2.1581125   -2.3675213 
 3012000    2.0850135    -2.175182 
 3013000    2.4065696   -2.4737157 
 3014000    2.2401661   -2.3476408 
 3015000    1.8167691   -2.0001404 
 3016000    2.1883726   -2.4155614 
 3017000    2.1252765   -2.3101673 
 3018000    2.3473401   -2.5410674 
 3019000    2.5522802   -2.6552694 
 3020000    2.4780817   -2.4971133 
 3021000    2.3786695    -2.489379 
 3022000    2.3846684    -2.588878 
 3023000    2.3633397   -2.4901139 
 3024000    2.5197326    -2.708759 
 3025000    2.2178911   -2.2930796 
 3026000    2.2404702    -2.362402 
 3027000    2.2099992   -2.3619352 
 3028000    2.5215404   -2.6726509 
 3029000    2.2122233   -2.2778527 
 3030000    2.6599495   -2.8247601 
 3031000    2.3559323   -2.4877303 
 3032000    2.4204594    -2.621825 
 3033000    2.1512903   -2.3302758 
 3034000    2.4010736   -2.5848288 
 3035000    2.2031335   -2.3073318 
 3036000    2.3857235   -2.4528977 
 3037000    2.8415355   -2.9099203 
 3038000    2.7029516   -2.8418429 
 3039000    2.5078736   -2.5850236 
 3040000    2.5403129   -2.6074621 
 3041000    2.7386453   -2.9687793 
 3042000    2.4257711    -2.566284 
 3043000    2.3414472   -2.4183281 
 3044000    2.4899159    -2.525633 
 3045000     2.234403   -2.3355119 
 3046000    2.5085114   -2.6592226 
 3047000    2.5262989   -2.6851854 
 3048000    2.1924529   -2.2255891 
 3049000    2.2975946   -2.4496801 
 3050000    2.0557857    -2.079959 
 3051000    2.4622654   -2.5724299 
 3052000    2.6354094   -2.7496057 
 3053000    2.1117458   -2.3258164 
 3054000    2.5971495   -2.7599948 
 3055000    2.5858185   -2.6831935 
 3056000    2.4767871   -2.5886541 
 3057000     2.369794   -2.5168797 
 3058000    2.2646208   -2.4779383 
 3059000    2.3474503   -2.4316536 
 3060000    2.2347402   -2.2966432 
 3061000    2.6903692   -2.8388926 
 3062000    2.2104783   -2.3184631 
 3063000    2.1101851   -2.2659966 
 3064000    1.9514799   -2.0761617 
 3065000    2.3733311   -2.4352058 
 3066000     2.159013   -2.1932629 
 3067000    2.3065957   -2.3052865 
 3068000    2.1989296   -2.3455236 
 3069000    2.5442712   -2.6898465 
 3070000    2.2391349   -2.3400007 
 3071000    2.3458203   -2.4477217 
 3072000    2.5572169   -2.6927772 
 3073000    2.5557992   -2.6772746 
 3074000    2.7953665   -2.9488416 
 3075000    2.3770612   -2.4367983 
 3076000    2.5334351   -2.6184949 
 3077000    2.4849867   -2.5848121 
 3078000    2.3175327   -2.4152813 
 3079000    2.0604986   -2.1953253 
 3080000    2.1073564   -2.2093397 
 3081000    1.8312612   -2.0669498 
 3082000    2.1459022    -2.300803 
 3083000    2.1920826   -2.3404857 
 3084000    2.3451094   -2.4216843 
 3085000     1.943331   -2.0410286 
 3086000    2.2881983    -2.452041 
 3087000    2.3736258   -2.5005638 
 3088000    2.4732524   -2.5836485 
 3089000    2.1534274     -2.32758 
 3090000    2.0684535   -2.1932355 
 3091000    2.0950554    -2.159578 
 3092000    2.1330425   -2.2524276 
 3093000    2.4970408   -2.4620882 
 3094000    2.3093358   -2.4518442 
 3095000     2.003596   -2.1104117 
 3096000    2.5545495   -2.6442531 
 3097000    2.5219027   -2.6029712 
 3098000    2.3632692   -2.5063642 
 3099000    2.2204945   -2.3205549 
 3100000     2.460815   -2.6391784 
 3101000    2.3436105   -2.5403456 
 3102000    2.3238509   -2.4885836 
 3103000    1.8717963   -2.0106191 
 3104000    1.9133773   -1.9926182 
 3105000    1.8931434   -2.0456993 
 3106000    1.7170708    -1.866607 
 3107000     1.825392   -1.8987645 
 3108000    2.0035862   -2.1025662 
 3109000    2.4629102   -2.6407371 
 3110000    1.7400941    -1.902519 
 3111000    2.2983352   -2.3544728 
 3112000    2.0559462    -2.173841 
 3113000    2.2007796   -2.3472611 
 3114000    2.4012331    -2.493377 
 3115000    2.4708706   -2.5930514 
 3116000       2.3488   -2.4851724 
 3117000    2.4997301   -2.6256055 
 3118000    2.5479412   -2.6012329 
 3119000    2.3166985   -2.4524253 
 3120000    2.0536302   -2.2050586 
 3121000    2.1877439   -2.2694178 
 3122000    2.3796436   -2.4707111 
 3123000    2.4446383   -2.5722286 
 3124000    2.3245218   -2.4639087 
 3125000    2.4384791   -2.4795801 
 3126000    1.9898105   -2.0879558 
 3127000    2.1603288   -2.2204842 
 3128000    1.8734516     -1.99621 
 3129000    2.0986071   -2.1579794 
 3130000    2.4190808   -2.4869085 
 3131000    2.5523335   -2.6533743 
 3132000    2.4455971   -2.6220643 
 3133000    2.4941312   -2.5500462 
 3134000    2.3107247   -2.4804375 
 3135000    2.0943643   -2.1942891 
 3136000    2.3484589   -2.5317133 
 3137000    2.5281161   -2.6327337 
 3138000    2.3222436   -2.4411835 
 3139000    2.2151258   -2.3300939 
 3140000    2.5301407   -2.6596316 
 3141000    2.3045265   -2.4163924 
 3142000    2.3034052   -2.5137501 
 3143000    2.5697198   -2.6779238 
 3144000     2.296003   -2.3972196 
 3145000     2.271569    -2.348399 
 3146000    2.4507323   -2.5183389 
 3147000    2.3027417   -2.4182627 
 3148000    2.1255745   -2.2653852 
 3149000    1.8185159   -1.9682966 
 3150000    1.9763572   -2.0758085 
 3151000    2.0624798   -2.2116995 
 3152000    1.9093627   -1.9441537 
 3153000    2.1822474   -2.2801806 
 3154000    2.1929984   -2.3475104 
 3155000    2.4399329    -2.590996 
 3156000    2.6594426   -2.7708319 
 3157000    2.5446611   -2.6599543 
 3158000     2.574256   -2.6513154 
 3159000    2.6524753   -2.8180564 
 3160000    2.1897049   -2.3484783 
 3161000    2.2277581   -2.4349221 
 3162000     2.185999   -2.3816118 
 3163000    1.8645646   -1.9646549 
 3164000    2.2486225   -2.3028318 
 3165000    2.0450622   -2.2482812 
 3166000    1.9159771   -2.0231179 
 3167000    2.4606977   -2.5535367 
 3168000    2.2240077   -2.2845646 
 3169000    2.0475033   -2.2047534 
 3170000    2.1994026   -2.3112018 
 3171000    2.3474438   -2.4583552 
 3172000    2.0923237   -2.1794005 
 3173000     2.401587   -2.4563075 
 3174000    2.7002461   -2.8710741 
 3175000    2.6908178   -2.8238362 
 3176000    2.4304279   -2.4549115 
 3177000    2.8073905     -2.97712 
 3178000    2.5217443   -2.6783933 
 3179000    2.2739509   -2.3934929 
 3180000    2.3449845   -2.4786222 
 3181000    2.1692175   -2.3211038 
 3182000    2.3257903   -2.4894483 
 3183000    2.1954332   -2.2905324 
 3184000     2.533731   -2.7150901 
 3185000    2.5786584   -2.7558741 
 3186000    2.7317197   -2.9101918 
 3187000    1.8927248   -1.9579098 
 3188000    2.1112367   -2.2551507 
 3189000    2.4235957   -2.5895181 
 3190000    2.1501172   -2.3905471 
 3191000    2.4601966   -2.5146401 
 3192000    2.2390713   -2.3800818 
 3193000    2.5863368   -2.7137784 
 3194000    2.4734059   -2.7364199 
 3195000     2.860221   -3.0187552 
 3196000    2.8547698    -3.013328 
 3197000    2.3915898   -2.5873428 
 3198000    2.3213544   -2.4185515 
 3199000    2.4331315   -2.6198117 
 3200000    2.3024831   -2.3815606 
 3201000    2.0115178   -2.1050466 
 3202000    1.9550182   -2.0329955 
 3203000    2.3728732   -2.5246289 
 3204000    2.5074696   -2.5781068 
 3205000    2.6971397   -2.7994665 
 3206000    2.1239606   -2.2640754 
 3207000    2.5101277   -2.5907381 
 3208000    2.0759267   -2.2096178 
 3209000    2.2425684   -2.4147041 
 3210000    2.2251987   -2.2872466 
 3211000    2.5808462   -2.7263735 
 3212000    2.1477374   -2.3757121 
 3213000    2.0221571   -2.2300807 
 3214000    2.1984488   -2.2599085 
 3215000    2.2284143     -2.38494 
 3216000    2.1662747    -2.346841 
 3217000    1.9369863   -2.1538038 
 3218000    2.1690116   -2.2910292 
 3219000     2.516127   -2.6428245 
 3220000    2.0129411   -2.2075571 
 3221000    2.5535825   -2.7350129 
 3222000    2.1523475    -2.294652 
 3223000    2.4494258   -2.5421232 
 3224000    2.2547936   -2.3908987 
 3225000    2.5460675   -2.5874696 
 3226000    2.3793501   -2.5478351 
 3227000     2.179543   -2.3410488 
 3228000    2.4522956     -2.57683 
 3229000     2.210363   -2.2878198 
 3230000    2.3424297   -2.3837359 
 3231000    2.4422797   -2.6721182 
 3232000    2.1221745   -2.2686202 
 3233000    2.4406996    -2.532364 
 3234000    2.0335722   -2.2230257 
 3235000    2.4182622   -2.4504532 
 3236000    1.9917075   -2.2602324 
 3237000    2.3925918   -2.4484736 
 3238000    2.4883734    -2.533029 
 3239000    2.4626225   -2.5953517 
 3240000    2.4322736    -2.559356 
 3241000     2.189832   -2.3802571 
 3242000     2.122462    -2.274104 
 3243000    2.6157613   -2.7920579 
 3244000    2.0901815   -2.3000742 
 3245000    2.3744724   -2.5559974 
 3246000    2.6045571    -2.679178 
 3247000    2.5215499   -2.6843939 
 3248000    2.5939358   -2.7279567 
 3249000    2.2648982   -2.3548927 
 3250000    2.5333411   -2.5923313 
 3251000    2.5663459   -2.6850178 
 3252000    2.3706707   -2.4796969 
 3253000    2.2943796   -2.3920371 
 3254000    2.4403959   -2.5767967 
 3255000    2.4294031   -2.5444259 
 3256000     2.373479   -2.5222588 
 3257000    2.5784573   -2.7190113 
 3258000    2.3851181   -2.5412047 
 3259000    2.3916895   -2.5629052 
 3260000    2.3165702   -2.5383192 
 3261000     2.481211    -2.535323 
 3262000    2.2705548   -2.3925538 
 3263000    2.4086058   -2.5549721 
 3264000    2.3731811   -2.5303057 
 3265000    2.4542761   -2.6005891 
 3266000    2.3915546   -2.5118771 
 3267000    2.3939531   -2.5724547 
 3268000    2.6263861   -2.7124817 
 3269000     2.160174    -2.276328 
 3270000    2.4800295   -2.6789629 
 3271000    2.2133014   -2.3978903 
 3272000    2.3507943   -2.5527467 
 3273000    2.4459779   -2.5710166 
 3274000    2.0509567   -2.2347565 
 3275000    2.1158849    -2.189246 
 3276000    2.3286665   -2.3659715 
 3277000    2.5288661   -2.6129942 
 3278000    2.2703042   -2.4560365 
 3279000    2.2601332   -2.3087297 
 3280000    2.5978653   -2.8309546 
 3281000    2.5022297   -2.6145209 
 3282000    2.4812104   -2.6638948 
 3283000    2.3743246   -2.4824937 
 3284000    2.2347542   -2.3374935 
 3285000    2.2331048     -2.40396 
 3286000    2.0009144   -2.1429063 
 3287000    2.0935028    -2.165141 
 3288000    2.3666484   -2.4455029 
 3289000    2.3362562   -2.5201053 
 3290000    2.4221362   -2.5269783 
 3291000     2.244636   -2.4137835 
 3292000    2.0799618   -2.1651735 
 3293000    2.3535744   -2.5784305 
 3294000     2.476829   -2.6143378 
 3295000    2.3924923    -2.514727 
 3296000    2.1670591   -2.3308165 
 3297000    1.8824937   -1.9744432 
 3298000    2.2325644   -2.3927898 
 3299000    2.7377563   -2.8436722 
 3300000    2.2099333   -2.4010462 
 3301000     1.878919   -2.0351359 
 3302000    1.9772536   -2.0122458 
 3303000    2.0789749   -2.1783514 
 3304000    2.1920709   -2.2784222 
 3305000    2.5513732   -2.7035906 
 3306000    2.2119784   -2.3089353 
 3307000    2.3911664   -2.4584088 
 3308000    2.5026572   -2.4824148 
 3309000    2.4076664   -2.5098273 
 3310000    2.8331136   -3.0340753 
 3311000    2.6030699   -2.6885235 
 3312000    2.6223756   -2.8000918 
 3313000    2.6551605    -2.821547 
 3314000     2.537481   -2.6256621 
 3315000    2.3938082   -2.5423689 
 3316000    2.7547662   -2.8516858 
 3317000    2.7005677   -2.8632182 
 3318000    2.4517184   -2.6321838 
 3319000    1.8946786   -1.9382054 
 3320000    2.0701055   -2.1922906 
 3321000    2.6925237   -2.7655908 
 3322000    2.4297074   -2.5328136 
 3323000    2.6075465   -2.6059836 
 3324000     2.628832   -2.6784178 
 3325000    2.6530926   -2.7319665 
 3326000    2.2251763   -2.2879136 
 3327000    2.3418226   -2.3688391 
 3328000    2.3973416   -2.4776116 
 3329000    2.5968795   -2.7153019 
 3330000    2.3068094   -2.5047019 
 3331000    2.4805278   -2.6477708 
 3332000    2.6942324   -2.8419956 
 3333000    2.5062888   -2.5561485 
 3334000    2.2478046   -2.4622431 
 3335000    1.9741867   -2.0593916 
 3336000    2.3159096   -2.4086898 
 3337000    2.0391601   -2.2246136 
 3338000    2.3961543   -2.4633662 
 3339000    1.8631334   -1.9403284 
 3340000    2.2649581   -2.4332409 
 3341000    2.4819812   -2.5947353 
 3342000    2.5149133    -2.614787 
 3343000     2.515825   -2.7006105 
 3344000    2.4228022   -2.5504823 
 3345000     2.421673   -2.5444762 
 3346000    2.3074695   -2.3678443 
 3347000    2.6366039   -2.8082104 
 3348000    2.4065747   -2.5357666 
 3349000    2.5556645   -2.8043043 
 3350000     2.328076   -2.4713883 
 3351000    2.1156456   -2.3049305 
 3352000    2.6038576   -2.7640842 
 3353000    2.4930314   -2.6593496 
 3354000    2.4373864   -2.5232157 
 3355000    2.3246463   -2.4698971 
 3356000    2.5983401   -2.7067098 
 3357000     2.172302   -2.2271501 
 3358000    2.4206227   -2.5461706 
 3359000     2.974057   -3.1364365 
 3360000     2.562566   -2.5912175 
 3361000     2.253719   -2.4610299 
 3362000    2.4615788   -2.6045847 
 3363000     2.580436   -2.8022788 
 3364000    2.5152138   -2.6341478 
 3365000     2.529139   -2.7419986 
 3366000     2.446164   -2.5352633 
 3367000    2.3071658   -2.5089153 
 3368000    2.5663768   -2.7193261 
 3369000    2.2410197   -2.3869664 
 3370000    2.3138854   -2.4367822 
 3371000    2.5249701   -2.6328067 
 3372000    2.4818074   -2.6583876 
 3373000    2.2694133   -2.3877664 
 3374000    2.5313524   -2.6270776 
 3375000    2.4668861    -2.581222 
 3376000    2.6528619    -2.847673 
 3377000    2.4854611   -2.6358069 
 3378000    2.4314316   -2.6448465 
 3379000     2.421471    -2.558206 
 3380000    2.2908689   -2.4984188 
 3381000    2.3121184   -2.4727402 
 3382000    2.5172268   -2.5938875 
 3383000    2.6395549    -2.738132 
 3384000    2.7484018   -2.9138857 
 3385000    2.2506721   -2.3934562 
 3386000    2.4797566   -2.6371788 
 3387000    2.3462709   -2.4913104 
 3388000    2.0349636   -2.1914217 
 3389000    2.2698625   -2.3669891 
 3390000    2.3340769   -2.4825967 
 3391000    2.4717641   -2.5496715 
 3392000    2.2169053   -2.3820145 
 3393000    2.5226825   -2.7230561 
 3394000    2.2716237   -2.4646558 
 3395000    2.4531919   -2.6481104 
 3396000    2.5235413   -2.6810513 
 3397000    2.4176049   -2.5108046 
 3398000    2.1461854   -2.2390134 
 3399000    2.1518246   -2.2063796 
 3400000    1.8584507   -1.9585304 
 3401000    1.7075895   -1.9175419 
 3402000    1.9385435   -2.0755991 
 3403000    2.2822925   -2.3484035 
 3404000    2.1514032   -2.2594693 
 3405000    1.9911378   -2.1662349 
 3406000    2.3605712   -2.5054669 
 3407000    2.3222453   -2.4304658 
 3408000    2.2226894    -2.339012 
 3409000      1.99075   -2.2242898 
 3410000    2.2084693   -2.4194729 
 3411000    2.3489362   -2.5245991 
 3412000    2.2743826   -2.3609927 
 3413000    2.3293968   -2.5112484 
 3414000    2.2019507    -2.359112 
 3415000    2.2184075   -2.3661563 
 3416000    2.0587626   -2.1824603 
 3417000    2.0712447    -2.243737 
 3418000    2.4475307   -2.5651927 
 3419000    2.4401993   -2.5167451 
 3420000    2.7174423   -2.8180811 
 3421000    2.4554995   -2.5381783 
 3422000    2.4751004   -2.6403357 
 3423000    2.5168693   -2.6446851 
 3424000    1.9559737   -2.0894977 
 3425000    2.1163664   -2.2241885 
 3426000    2.4751294   -2.6221642 
 3427000     2.396387   -2.5031544 
 3428000     2.304458   -2.4191078 
 3429000    2.5914208   -2.7518455 
 3430000    2.6170937    -2.751059 
 3431000    2.3189163    -2.458578 
 3432000    2.6217296    -2.670623 
 3433000    2.7934209   -2.9035569 
 3434000    2.5888611   -2.7211867 
 3435000     2.378883    -2.559852 
 3436000    2.4081778   -2.5102125 
 3437000    2.4629649    -2.535086 
 3438000    2.3280665   -2.4605383 
 3439000    2.9074695   -3.0699561 
 3440000    2.5931196   -2.6464297 
 3441000    2.6069481   -2.7158178 
 3442000    2.3484525   -2.4913623 
 3443000    2.1413007   -2.3634426 
 3444000    2.3407256   -2.5401329 
 3445000    2.2404389   -2.4020979 
 3446000    2.6817096   -2.7422888 
 3447000    2.2279499   -2.4022606 
 3448000    2.6614217   -2.7953216 
 3449000    2.6783733   -2.8036057 
 3450000    2.5197453   -2.7266656 
 3451000    2.3285408    -2.486587 
 3452000     2.323787   -2.4386994 
 3453000     2.306786   -2.4666978 
 3454000    2.2772648   -2.4421429 
 3455000    2.2390422   -2.3908738 
 3456000    2.0357126   -2.1723972 
 3457000    1.9340422   -2.0899629 
 3458000    2.2196269    -2.290201 
 3459000    1.8993869   -2.0383238 
 3460000    2.2100523   -2.3072289 
 3461000     2.632251   -2.8502974 
 3462000    2.4208068   -2.5485289 
 3463000    2.4470752   -2.5488708 
 3464000    2.1383643   -2.2414021 
 3465000    2.2485639   -2.3866923 
 3466000    2.0094641   -2.1254812 
 3467000    1.8022681   -1.9946765 
 3468000    2.1872828   -2.3412872 
 3469000    2.1189953   -2.2413244 
 3470000    2.0383252    -2.158718 
 3471000    1.7001666    -1.816462 
 3472000    1.9557642   -2.0754536 
 3473000    2.0207577   -2.0720076 
 3474000     2.235127   -2.3817492 
 3475000    2.2402255   -2.4431218 
 3476000     2.257581   -2.3665204 
 3477000    2.4447005   -2.6048857 
 3478000    2.4305674   -2.6028005 
 3479000    2.4038782    -2.518893 
 3480000    1.9788231     -2.07898 
 3481000    2.3695393   -2.5176876 
 3482000    2.3475641   -2.6221392 
 3483000    2.2700809   -2.4516812 
 3484000    2.5580783   -2.6903198 
 3485000    2.3221987   -2.4107131 
 3486000    2.7048387   -2.8859812 
 3487000     2.414334   -2.5481974 
 3488000    2.3236445   -2.4102319 
 3489000    2.1940886   -2.3563948 
 3490000    2.3669768    -2.464807 
 3491000    2.3712966   -2.5660718 
 3492000    2.7141679   -2.8476661 
 3493000    2.3938908   -2.5390728 
 3494000    2.1199067   -2.2397826 
 3495000    2.1217679   -2.2874864 
 3496000    2.2259213   -2.3243557 
 3497000    2.4878372   -2.5953434 
 3498000    2.6566903   -2.7701106 
 3499000     2.910078   -2.9560175 
 3500000    2.3032495   -2.5433066 
 3501000    2.7766102   -2.9184419 
 3502000    2.7043894   -2.8803745 
 3503000    2.5901499   -2.7649829 
 3504000    2.2949013   -2.5249931 
 3505000      2.39388   -2.5841892 
 3506000    2.4738487   -2.5833729 
 3507000    2.3720467   -2.4349999 
 3508000    2.1907935    -2.431221 
 3509000     2.227518   -2.3185317 
 3510000    2.4229455   -2.5732978 
 3511000    2.3351972   -2.4453095 
 3512000    2.4634146   -2.6304285 
 3513000    2.1218352   -2.3408698 
 3514000    2.2280948   -2.3932155 
 3515000    2.1601861   -2.2975734 
 3516000    2.1983867   -2.3062883 
 3517000    2.4241272     -2.63249 
 3518000    2.3494931   -2.4781396 
 3519000     2.105031   -2.1278139 
 3520000    1.9944685   -2.1853325 
 3521000    2.3201134   -2.5000704 
 3522000    2.1843205   -2.2144489 
 3523000    2.2994505   -2.3979236 
 3524000    2.0384231   -2.2362574 
 3525000    2.0736047   -2.3318997 
 3526000    2.2607727   -2.3374615 
 3527000    2.0016554   -2.1360015 
 3528000    2.5044357   -2.6774072 
 3529000    2.5074151   -2.6705311 
 3530000     2.123474   -2.2356639 
 3531000    2.3257918   -2.4377896 
 3532000    2.6489855   -2.8203168 
 3533000    2.3532278   -2.4888239 
 3534000    2.5435766   -2.7096478 
 3535000    2.4532052   -2.5766678 
 3536000    2.5360976   -2.6535846 
 3537000    2.4264433   -2.5299965 
 3538000    2.6778005     -2.85819 
 3539000    2.4525938   -2.5634091 
 3540000    2.3786393   -2.5518453 
 3541000    2.3004242   -2.4862607 
 3542000    2.5833529   -2.7427216 
 3543000    2.6162409   -2.7422102 
 3544000    2.2981368   -2.4618392 
 3545000    2.3958111   -2.5275608 
 3546000    2.5442359   -2.6646404 
 3547000    2.2388385   -2.3925669 
 3548000    2.3988784   -2.5336276 
 3549000    2.3640179   -2.4749768 
 3550000    2.4085257   -2.5830996 
 3551000    2.1371204    -2.340255 
 3552000    2.5478136   -2.6861695 
 3553000    2.4209857   -2.4888705 
 3554000    2.6338769   -2.7643133 
 3555000    2.5579886   -2.6742349 
 3556000    2.1889689   -2.3260782 
 3557000    2.5199984   -2.6782179 
 3558000    2.5540664   -2.6136202 
 3559000    2.6040928   -2.7385951 
 3560000    2.5256793   -2.6879594 
 3561000    2.0996677   -2.2411158 
 3562000    1.9915741   -2.1410824 
 3563000    2.4260104     -2.45964 
 3564000    2.7138275    -2.903235 
 3565000    2.6027282   -2.6914942 
 3566000    2.3290784   -2.4917861 
 3567000    2.0834321    -2.187585 
 3568000    2.1384764   -2.2463852 
 3569000    2.3405531   -2.4467269 
 3570000    2.5042563   -2.6947019 
 3571000    2.5705048   -2.7661682 
 3572000     2.596441   -2.6772885 
 3573000     2.362032   -2.4979431 
 3574000    2.3729949   -2.4626141 
 3575000     2.593011   -2.7869823 
 3576000     2.285565   -2.4161053 
 3577000    2.2139625    -2.410229 
 3578000    1.9590149   -2.0160694 
 3579000    2.2314346   -2.3982383 
 3580000     2.230125   -2.3989121 
 3581000    2.1285008   -2.3077693 
 3582000    2.1677375    -2.283602 
 3583000    2.0423568    -2.104601 
 3584000    2.4475582   -2.6939902 
 3585000    2.2177245   -2.3712433 
 3586000    2.1116952   -2.2131003 
 3587000    2.5546677   -2.6285801 
 3588000    2.4578691   -2.6214947 
 3589000    1.8650779   -2.0986733 
 3590000    2.4443534   -2.5024274 
 3591000    2.2500807   -2.4199056 
 3592000     2.260246   -2.4311968 
 3593000    2.3065871   -2.4539875 
 3594000    2.6175376   -2.6953238 
 3595000     2.531745   -2.6730944 
 3596000    2.4446718    -2.539048 
 3597000    2.1493896   -2.2951587 
 3598000    2.3346185    -2.372617 
 3599000    2.0701651   -2.1285263 
 3600000    2.1164835   -2.3370141 
 3601000    2.5352175   -2.6786485 
 3602000    2.0300965   -2.1614851 
 3603000    2.2507443   -2.3529551 
 3604000    2.1056866   -2.2155195 
 3605000    2.4790209   -2.6408456 
 3606000    2.4984468    -2.614229 
 3607000    2.1546912   -2.2741559 
 3608000    2.3727278   -2.5455834 
 3609000    2.4867848   -2.5421587 
 3610000    2.1753332    -2.326077 
 3611000     2.073485   -2.1725989 
 3612000    2.1417357   -2.2953493 
 3613000    2.3439033   -2.5509592 
 3614000    2.2273555   -2.4050152 
 3615000    2.6017426   -2.7055049 
 3616000    2.3850167   -2.4575359 
 3617000    2.0994002   -2.1849109 
 3618000    2.3264041   -2.4745709 
 3619000     2.975652   -3.0816895 
 3620000    2.6484494   -2.8185987 
 3621000    2.5054571   -2.5760598 
 3622000    2.5873623   -2.6649876 
 3623000    2.3218666   -2.3914098 
 3624000    2.4116995   -2.5680871 
 3625000    2.6094629   -2.7251316 
 3626000    2.2878252   -2.4359517 
 3627000    2.7128569   -2.8278828 
 3628000    2.5335202   -2.6606254 
 3629000    2.3760777    -2.533607 
 3630000    2.4843011   -2.5972728 
 3631000     2.151415   -2.2986207 
 3632000    2.1052169   -2.2183029 
 3633000    2.2155854   -2.3401487 
 3634000     2.568041    -2.690345 
 3635000    2.5670051   -2.7104558 
 3636000    2.2069943   -2.3357339 
 3637000    2.3407166   -2.4772646 
 3638000    2.4347471   -2.4563229 
 3639000    2.8792992   -2.9670255 
 3640000    2.3200141   -2.4535685 
 3641000    2.4581528   -2.6103597 
 3642000    2.3835519    -2.590301 
 3643000    2.5497272   -2.6615369 
 3644000    2.1029438   -2.2241168 
 3645000    2.1161813    -2.216781 
 3646000    2.7591763   -2.9369595 
 3647000     2.677449   -2.8596097 
 3648000    2.2530106   -2.3613348 
 3649000     2.596653   -2.7470826 
 3650000    2.0366005   -2.1230478 
 3651000    2.2451006    -2.392809 
 3652000    2.1990338   -2.3503795 
 3653000    2.4857067   -2.5993745 
 3654000    2.6511454   -2.7720274 
 3655000    2.2214842   -2.2555241 
 3656000    2.2895031   -2.3852043 
 3657000    2.2677287   -2.3698191 
 3658000    2.1589073   -2.2774659 
 3659000    2.1181073   -2.3554185 
 3660000    2.5528688   -2.6820505 
 3661000    2.5336915   -2.6108261 
 3662000    2.2932087    -2.486351 
 3663000    2.5332727   -2.6319344 
 3664000    2.4602543   -2.5746537 
 3665000    2.5311183   -2.6651814 
 3666000    2.6773119   -2.8258918 
 3667000    2.6447212     -2.68703 
 3668000    2.5571251   -2.6662316 
 3669000    2.3787163   -2.5454354 
 3670000    2.4050207   -2.5727959 
 3671000     2.378371   -2.5108808 
 3672000    2.4798232   -2.5896194 
 3673000    2.5160819   -2.6583212 
 3674000    2.4885792   -2.6722141 
 3675000    2.3952584   -2.5666403 
 3676000    2.6444802   -2.7178798 
 3677000    2.1368852   -2.2052893 
 3678000    2.0981726    -2.272156 
 3679000    2.3134159   -2.4675279 
 3680000    2.3197668   -2.4851924 
 3681000    2.3595665   -2.5325127 
 3682000    2.3959925   -2.5402505 
 3683000    2.3260959   -2.3977127 
 3684000    2.6309812   -2.7888117 
 3685000    2.2282024   -2.3399214 
 3686000     2.315855   -2.4740024 
 3687000     2.151862    -2.321485 
 3688000    2.1431207   -2.3089458 
 3689000    2.0454218   -2.1463071 
 3690000    2.6803102   -2.8056395 
 3691000    2.5456826   -2.6673778 
 3692000    2.4136344   -2.5922663 
 3693000    2.0428476   -2.2005571 
 3694000    2.4745448   -2.6658613 
 3695000     2.757202    -2.861675 
 3696000    2.2059804   -2.3658928 
 3697000    2.2047763   -2.4005524 
 3698000    2.1563829   -2.3039125 
 3699000    2.2213761   -2.3241736 
 3700000    1.9462706   -2.0850513 
 3701000    2.3026929   -2.4998123 
 3702000    2.3233088   -2.4761088 
 3703000    2.0322263   -2.2110521 
 3704000    2.2293813    -2.385631 
 3705000    2.4272215   -2.5427913 
 3706000    2.4511213   -2.4978593 
 3707000    2.4881821   -2.6156613 
 3708000     2.198557   -2.2337212 
 3709000    2.0807301    -2.194077 
 3710000    2.3620506   -2.4882783 
 3711000    2.1241584   -2.2977045 
 3712000    2.5859379   -2.7398433 
 3713000    2.8083576   -2.8796807 
 3714000    2.0966931   -2.2609686 
 3715000    2.3712661   -2.3791759 
 3716000    2.2797062   -2.4076789 
 3717000    2.4505019   -2.5973026 
 3718000    2.5041998   -2.5423351 
 3719000    1.7737471   -1.8777554 
 3720000    2.1282583   -2.2991268 
 3721000    2.3071775   -2.4335113 
 3722000    2.3362546   -2.4709381 
 3723000    2.3967891   -2.5370605 
 3724000    2.5401942   -2.6692083 
 3725000    2.5067626   -2.6677161 
 3726000    2.5027758   -2.5603946 
 3727000    2.9140994   -2.9801127 
 3728000    2.6633485   -2.8083983 
 3729000    2.4962728   -2.5713796 
 3730000    2.0377078   -2.1751001 
 3731000    1.9650684   -2.0254501 
 3732000    1.7788422   -1.9129431 
 3733000    2.1068119   -2.1270817 
 3734000    2.2014801   -2.3122455 
 3735000    1.9340917   -2.1472891 
 3736000    2.0629595   -2.2296522 
 3737000    2.2725549     -2.31652 
 3738000    2.4967292    -2.633208 
 3739000     2.277913   -2.4493617 
 3740000    2.4643011   -2.6032417 
 3741000    2.5246629   -2.6808308 
 3742000    2.1459032    -2.329163 
 3743000    2.3249351   -2.4522119 
 3744000    2.3682699   -2.5123655 
 3745000    2.6854171   -2.7627118 
 3746000     2.326488   -2.4707868 
 3747000    2.7805492   -2.9136041 
 3748000    2.9447189   -3.1608546 
 3749000    2.6109944   -2.7583628 
 3750000    3.0874442    -3.254317 
 3751000    2.4248001   -2.4541065 
 3752000    2.8947837   -2.9333473 
 3753000    2.5078845   -2.6433802 
 3754000     2.174461   -2.3254355 
 3755000    2.2346003   -2.3613853 
 3756000    2.1807985   -2.2110118 
 3757000    2.2672122   -2.3585954 
 3758000    2.1325071   -2.3200053 
 3759000    2.1836746   -2.3536499 
 3760000    2.5755903   -2.7179037 
 3761000    2.6050878   -2.7517386 
 3762000    2.6567904   -2.7649921 
 3763000    2.2680825   -2.5134992 
 3764000    1.9934364   -2.1614144 
 3765000    2.1743357   -2.3143277 
 3766000    2.3926289   -2.5213353 
 3767000    2.3188818   -2.4707059 
 3768000    2.1846269   -2.3609964 
 3769000    2.4416098   -2.5566741 
 3770000    2.3033107    -2.452442 
 3771000    2.2698328   -2.4072501 
 3772000    2.2895375    -2.341097 
 3773000    2.2839113   -2.3926933 
 3774000    2.3008054   -2.4530847 
 3775000    2.5785302   -2.6097987 
 3776000    2.4622301   -2.5923243 
 3777000    2.6353271   -2.7517983 
 3778000    2.5283729   -2.5843171 
 3779000    2.3148323   -2.4224426 
 3780000    2.5266308   -2.6901083 
 3781000    2.4851905    -2.645624 
 3782000    2.4652209   -2.5646458 
 3783000    2.0791444   -2.2581098 
 3784000    2.3353748   -2.4421934 
 3785000    2.4035529   -2.5132508 
 3786000    2.3617604   -2.4293387 
 3787000     2.168411   -2.2665463 
 3788000    2.3943429   -2.5477571 
 3789000    2.4396407   -2.5719722 
 3790000    2.3653908   -2.4751766 
 3791000    2.1674897   -2.3130839 
 3792000    2.3054994   -2.3912909 
 3793000     2.010553   -2.1571199 
 3794000    2.1914962   -2.3181775 
 3795000    2.3147142   -2.4333686 
 3796000    2.1543998   -2.3214086 
 3797000    2.1699519   -2.3231149 
 3798000    2.0470001   -2.1978837 
 3799000    1.9092841   -2.0428217 
 3800000    1.9432597   -2.0686943 
 3801000    2.5178393   -2.7205909 
 3802000    1.9944606   -2.1170678 
 3803000    2.1929622   -2.4189541 
 3804000    2.0630239   -2.2191619 
 3805000    2.1816997   -2.2237615 
 3806000    1.7296471    -1.906402 
 3807000    2.0957247   -2.2371501 
 3808000    2.2680248   -2.4954853 
 3809000    2.2994475    -2.401829 
 3810000     2.213282   -2.3019815 
 3811000    2.4066757   -2.5032199 
 3812000     2.123937   -2.3327733 
 3813000    2.2706626   -2.2807978 
 3814000     2.369025   -2.4709767 
 3815000     2.349371   -2.5103316 
 3816000    1.9277204   -2.0882586 
 3817000    2.2138058   -2.3601549 
 3818000      2.15269   -2.2377542 
 3819000    1.9002523   -1.9535969 
 3820000    2.1769481   -2.2283872 
 3821000    1.7283581   -1.8383322 
 3822000    2.0924544   -2.2696631 
 3823000    1.7426609   -1.8903387 
 3824000    2.0402252   -2.1418965 
 3825000     2.366958   -2.4029636 
 3826000    2.5827639   -2.6541743 
 3827000    2.3888425    -2.504523 
 3828000    2.1069543   -2.2244004 
 3829000    2.4442217   -2.6302034 
 3830000    1.9886971   -2.0620454 
 3831000    2.0226179   -2.0722553 
 3832000    2.4379188   -2.5412529 
 3833000    2.3441886   -2.4685699 
 3834000    2.0106719   -2.0717956 
 3835000    2.1170888   -2.2533224 
 3836000    2.6029656   -2.7708759 
 3837000    2.6296112   -2.6926698 
 3838000    2.4113175   -2.4671077 
 3839000    2.6898658   -2.8346968 
 3840000    2.4826099   -2.6602707 
 3841000    2.4635027   -2.5858077 
 3842000     2.147039   -2.1897819 
 3843000    1.7332664   -1.9036903 
 3844000    2.2446388   -2.3064166 
 3845000    2.2076452   -2.3651245 
 3846000    2.3873994   -2.5213229 
 3847000      2.18926   -2.2129051 
 3848000    2.6469309   -2.8224942 
 3849000    2.4983337   -2.7074355 
 3850000    2.5094445   -2.5943359 
 3851000    2.1643566   -2.3420796 
 3852000    2.2684395    -2.441146 
 3853000    1.9583803   -2.1315511 
 3854000    2.2493064   -2.4037121 
 3855000     2.273213   -2.4111323 
 3856000    2.1832878   -2.2930026 
 3857000    2.2388107   -2.3693132 
 3858000    2.2941776      -2.4624 
 3859000    2.1451888    -2.303568 
 3860000    2.5061689   -2.6515547 
 3861000     2.584714    -2.738662 
 3862000    2.1803901   -2.2737796 
 3863000    2.3439798   -2.4550824 
 3864000    2.5142188   -2.6732932 
 3865000    2.6677616   -2.7931242 
 3866000    2.4478423    -2.576074 
 3867000    2.4042561    -2.573712 
 3868000    2.4656169   -2.6622662 
 3869000    2.0367815   -2.1114492 
 3870000    2.2676626   -2.3341576 
 3871000    2.4502977   -2.6504141 
 3872000    2.5783189   -2.6260556 
 3873000     2.392667    -2.491404 
 3874000    2.6726871   -2.7470825 
 3875000    2.7066048   -2.8297046 
 3876000    2.2245796   -2.3650437 
 3877000    2.1613882   -2.2888743 
 3878000    2.3813784   -2.4701926 
 3879000    2.2887269    -2.426039 
 3880000     2.734841   -2.9091211 
 3881000    2.5336728   -2.6127921 
 3882000    2.3061923   -2.3858739 
 3883000    2.0905702   -2.1774249 
 3884000    2.3385714   -2.5271173 
 3885000    2.5706481   -2.6332676 
 3886000    2.5985944   -2.7255423 
 3887000    2.3520124   -2.4538608 
 3888000     2.642055   -2.7592084 
 3889000    2.1144748   -2.2536482 
 3890000    2.3325821   -2.3752952 
 3891000    2.7011982   -2.8185557 
 3892000    2.4702813   -2.6117722 
 3893000    2.1693974   -2.2510382 
 3894000    2.0952899   -2.2738253 
 3895000    2.4705988    -2.576749 
 3896000    2.3183066    -2.515758 
 3897000    2.5196514   -2.6939527 
 3898000    2.3803252   -2.4651257 
 3899000     2.698776   -2.7587587 
 3900000    2.5099992   -2.5617602 
 3901000    3.1261114   -3.3183156 
 3902000    2.9793891   -3.0907972 
 3903000    2.8065164   -2.9688678 
 3904000    2.5082485   -2.6898518 
 3905000    2.6157677   -2.8400236 
 3906000    2.5332312   -2.6398249 
 3907000     2.814985   -2.9952239 
 3908000    2.6277795   -2.7875146 
 3909000    2.0582989   -2.2013309 
 3910000    2.3938578   -2.5086417 
 3911000    2.4744483   -2.5517778 
 3912000    2.5660637   -2.7074506 
 3913000    2.6459417   -2.7237434 
 3914000    2.4040886   -2.5188325 
 3915000    2.7015812   -2.7816741 
 3916000    2.1947509   -2.3547879 
 3917000    2.2422227   -2.4076409 
 3918000    2.3959205   -2.5536116 
 3919000    2.4224856   -2.4805313 
 3920000    2.6035514   -2.6566011 
 3921000    2.1734705   -2.4306254 
 3922000    2.5153393    -2.611363 
 3923000    2.3918649   -2.4870405 
 3924000    2.3112697   -2.4816532 
 3925000    2.3725465   -2.5579777 
 3926000    2.6084117   -2.7725887 
 3927000     2.549763   -2.6641189 
 3928000    2.1038596   -2.3261368 
 3929000    2.3971962   -2.5138959 
 3930000    2.4570097    -2.629713 
 3931000    1.9642071   -2.1536444 
 3932000    2.2051371   -2.3707677 
 3933000    2.3889797   -2.5450271 
 3934000     2.313666   -2.4263794 
 3935000    2.0083455   -2.1344602 
 3936000    2.5388863    -2.601794 
 3937000    2.1049229   -2.2775762 
 3938000    2.1985019   -2.3594779 
 3939000    2.1819677   -2.4180531 
 3940000    2.4950232   -2.6773308 
 3941000    2.3864619   -2.4797181 
 3942000    2.4001383   -2.4588058 
 3943000    2.2779247   -2.4249633 
 3944000    2.2197994   -2.2541749 
 3945000    1.8365393   -1.9115828 
 3946000    2.0035806   -2.1272992 
 3947000    2.2287906   -2.3945073 
 3948000    2.0352145   -2.0554131 
 3949000    1.8797848   -2.0229663 
 3950000    2.1050942   -2.1852357 
 3951000    1.8324206   -1.9169898 
 3952000    2.2448032   -2.3556139 
 3953000    2.5298104   -2.6169249 
 3954000    2.2304498   -2.3469667 
 3955000       2.2357   -2.4172952 
 3956000    2.2822722   -2.4755916 
 3957000     2.717644   -2.8836123 
 3958000    2.3539272   -2.4217218 
 3959000    2.1096962   -2.2391206 
 3960000    2.1009077   -2.1885312 
 3961000    2.0447287   -2.1961351 
 3962000     1.887681   -2.0296098 
 3963000    1.8893818   -1.9609338 
 3964000    1.8263614   -1.9427101 
 3965000    2.0559112   -2.1443977 
 3966000    2.0595405   -2.1849985 
 3967000    1.9163477   -2.1539172 
 3968000    1.8917527   -2.0084869 
 3969000    2.0327527   -2.1646687 
 3970000    2.0580176   -2.0922571 
 3971000    2.3752488   -2.4758689 
 3972000    2.3918603   -2.5433489 
 3973000    2.2774973   -2.4003466 
 3974000    1.8540876   -2.0419783 
 3975000    2.1330539   -2.2066822 
 3976000    2.0189068    -2.172303 
 3977000    2.0795132   -2.2568635 
 3978000    2.2455316   -2.3319018 
 3979000     2.072959   -2.1299676 
 3980000    2.0625891    -2.233693 
 3981000    2.2205858   -2.3275062 
 3982000    2.1467783   -2.3129446 
 3983000    2.1694467   -2.3017714 
 3984000    2.2504624   -2.2938591 
 3985000    2.4419156   -2.5873287 
 3986000    2.4074408   -2.4955952 
 3987000    1.9225411   -1.9961154 
 3988000    2.3813957    -2.525778 
 3989000    2.2857468   -2.4067878 
 3990000    2.1232834   -2.2623308 
 3991000    2.0675645   -2.2114597 
 3992000    2.2908031   -2.4553339 
 3993000    2.0959043   -2.2574155 
 3994000     2.312055   -2.4213534 
 3995000    2.1206651   -2.3267057 
 3996000    2.0901543   -2.1555676 
 3997000    2.2407485   -2.3217463 
 3998000    2.1561249   -2.2802452 
 3999000    1.9747005   -2.1982851 
 4000000    2.2018948   -2.3691293 
 4001000    2.0973168   -2.1924344 
 4002000     2.253083   -2.3770913 
 4003000    1.7543125   -1.9507282 
 4004000    2.1006953   -2.2345891 
 4005000     2.212562   -2.3649085 
 4006000    2.0799828   -2.2626002 
 4007000      1.92354   -2.0451514 
 4008000    2.2432807   -2.3711274 
 4009000    2.1110502   -2.2703133 
 4010000     2.224123   -2.3783133 
 4011000    1.9740817   -2.1376488 
 4012000    2.1795382   -2.2758788 
 4013000    2.2619701   -2.3746297 
 4014000    1.8791374   -2.1403021 
 4015000    1.8296768   -1.9417923 
 4016000    1.8727861   -1.9605727 
 4017000    2.0232966   -2.2206413 
 4018000    2.0745954   -2.1964111 
 4019000    2.2094112   -2.2440571 
 4020000    2.2158673   -2.3323833 
 4021000    2.2003217    -2.306566 
 4022000    2.2758613   -2.4478803 
 4023000    2.5896021   -2.7420324 
 4024000    2.3902349    -2.554396 
 4025000    2.4506062   -2.5999974 
 4026000    2.4888679    -2.638193 
 4027000    2.0920399   -2.1316347 
 4028000    2.4951672   -2.6750187 
 4029000      2.44815   -2.6771019 
 4030000    2.0933842   -2.2393943 
 4031000    2.0928409   -2.1953957 
 4032000    2.4289163   -2.4542769 
 4033000      2.35153   -2.4815595 
 4034000    2.1302745   -2.2887635 
 4035000    1.9483921   -2.1059918 
 4036000    2.3553088   -2.4664356 
 4037000    2.3159063   -2.4393091 
 4038000    2.1696485   -2.2774928 
 4039000    2.1924004    -2.319723 
 4040000    2.6427976    -2.763898 
 4041000    2.5460432   -2.6547247 
 4042000    2.7950247   -2.9124067 
 4043000    2.7934949   -2.9096004 
 4044000    2.3718821   -2.5042173 
 4045000    2.0953972   -2.2253582 
 4046000    2.4900646   -2.5702569 
 4047000    2.6177381   -2.7405852 
 4048000     2.830213   -3.0250019 
 4049000    2.6063929     -2.77024 
 4050000    2.2753916   -2.3484579 
 4051000    2.3664193   -2.5248852 
 4052000    2.2064038   -2.3377171 
 4053000    2.5577481   -2.6614161 
 4054000    2.5940491   -2.7308357 
 4055000    2.5176371   -2.6109054 
 4056000    2.7319168   -2.7666664 
 4057000    2.0922619   -2.2209675 
 4058000    1.9281191   -2.0310464 
 4059000    2.5591005    -2.659313 
 4060000    2.0299926   -2.2089611 
 4061000    2.0555255   -2.1288793 
 4062000    2.6755211   -2.8067279 
 4063000    2.4534229   -2.5167761 
 4064000    2.3266764    -2.397066 
 4065000    2.6699816   -2.7484802 
 4066000    2.8859992   -3.0075094 
 4067000    2.6814104   -2.8559149 
 4068000    2.8384178   -3.0409712 
 4069000    2.6022077   -2.6581849 
 4070000    2.5134043   -2.6382397 
 4071000    1.9882617   -2.1592527 
 4072000    2.4512245   -2.6774863 
 4073000    2.4271049   -2.4694689 
 4074000     2.552183   -2.6345098 
 4075000    2.9056371   -3.0925912 
 4076000    2.5898121   -2.7316783 
 4077000    2.3354506   -2.4392809 
 4078000    2.4965381   -2.6536807 
 4079000    2.4105538   -2.5930405 
 4080000    2.1943587   -2.2923472 
 4081000    2.2171112   -2.3583887 
 4082000    2.0468237   -2.2207864 
 4083000    2.0462271   -2.0936599 
 4084000    2.3983376   -2.6376055 
 4085000    2.6266138   -2.7690818 
 4086000    2.7781864   -2.8938115 
 4087000    2.9138618   -3.0554914 
 4088000    2.2366015   -2.4097118 
 4089000     2.653692   -2.7878129 
 4090000     2.532823   -2.6075239 
 4091000      2.49317   -2.6215633 
 4092000    2.5137646   -2.7425746 
 4093000    2.4149004   -2.4589607 
 4094000    2.5423029   -2.7483993 
 4095000    2.2343303   -2.2906661 
 4096000    2.2337276   -2.4110355 
 4097000    2.1945459   -2.3195436 
 4098000    2.1075629   -2.2194898 
 4099000    2.2870656   -2.4519173 
 4100000     2.408215   -2.5376762 
 4101000    2.4257085   -2.5981192 
 4102000    2.6775719   -2.8265249 
 4103000    2.5295053   -2.5754296 
 4104000    2.6276329   -2.7284996 
 4105000    2.4521565   -2.6340519 
 4106000    2.3096354   -2.3647624 
 4107000    1.9798698   -2.0362583 
 4108000    2.0888382   -2.2068193 
 4109000    2.2910138   -2.3670261 
 4110000    2.3274367   -2.4826215 
 4111000    2.2609931   -2.3380532 
 4112000    1.9343575   -2.0131432 
 4113000    2.4006514   -2.4690854 
 4114000    1.9900779   -1.9981092 
 4115000    2.1890684   -2.3711052 
 4116000    1.8331917   -1.9814768 
 4117000    2.4087173   -2.4889122 
 4118000    2.1382638   -2.2633271 
 4119000    2.5732737   -2.5599819 
 4120000    2.3345592   -2.5003266 
 4121000    2.3362859   -2.5374054 
 4122000     2.249013   -2.3704794 
 4123000    2.5799485    -2.668487 
 4124000    2.2654597   -2.4071118 
 4125000    2.1187823   -2.2913073 
 4126000    2.4178259   -2.6089742 
 4127000    2.6610492   -2.8072803 
 4128000    2.5139866    -2.644907 
 4129000    2.1886406   -2.3656849 
 4130000    2.3531655    -2.483245 
 4131000     2.226183   -2.3273148 
 4132000    2.4023872   -2.4616379 
 4133000    2.4339753   -2.5247553 
 4134000    2.8558486   -3.0161209 
 4135000    1.9627382   -2.0653261 
 4136000    2.3302467   -2.4868696 
 4137000    1.8680361   -2.0580623 
 4138000    1.8563531   -2.0396908 
 4139000    1.9481177   -2.0864995 
 4140000    2.1399908   -2.3163706 
 4141000    2.2399609    -2.376496 
 4142000    2.3194884    -2.487569 
 4143000    1.9457257    -1.997551 
 4144000    2.2124838   -2.2162932 
 4145000    2.3161347   -2.4949655 
 4146000    1.8618749   -2.0402074 
 4147000    2.2180937    -2.367531 
 4148000    2.4774564   -2.6681312 
 4149000    2.3551471   -2.4453746 
 4150000    1.9256329   -2.0827047 
 4151000    1.8787658   -1.9892437 
 4152000    1.8452634   -1.9795308 
 4153000    1.9347228   -2.1392123 
 4154000    1.8850373   -2.0762331 
 4155000    2.0072923   -2.1561592 
 4156000    2.0208095   -2.1347132 
 4157000     2.145146   -2.2228339 
 4158000    2.2551652   -2.2934475 
 4159000    1.9444323   -2.0071297 
 4160000    2.0546223   -2.1885044 
 4161000    2.0386693    -2.227851 
 4162000    2.3741221   -2.5491235 
 4163000     2.566134   -2.6818566 
 4164000    2.6095038   -2.7361764 
 4165000    2.0909005   -2.2783927 
 4166000    2.3019522   -2.5170517 
 4167000    2.3449904   -2.4872384 
 4168000    2.3036785   -2.4743605 
 4169000    2.5819498   -2.7132385 
 4170000    2.5407069   -2.7325307 
 4171000    2.4341107   -2.5479384 
 4172000    2.2182704    -2.339405 
 4173000    1.9827842   -2.1284877 
 4174000    2.5421658   -2.6142634 
 4175000    2.1840203    -2.271437 
 4176000    2.0996331   -2.2255923 
 4177000    2.0933424   -2.2537724 
 4178000    2.3836416   -2.4725945 
 4179000    2.2886799      -2.4656 
 4180000    2.3263149   -2.5262811 
 4181000    2.3894143   -2.4848807 
 4182000    2.4293246   -2.5901465 
 4183000    2.6567551   -2.8205299 
 4184000    2.4758157   -2.6136912 
 4185000    2.4564789   -2.6027281 
 4186000    2.7603124    -2.937314 
 4187000    2.7252371   -2.8641095 
 4188000    3.0380629   -3.2049164 
 4189000     2.232131   -2.4018546 
 4190000    2.4454101   -2.5870037 
 4191000    2.0030302    -2.154831 
 4192000    2.0995056   -2.2491473 
 4193000    2.0713733   -2.1402571 
 4194000    2.0128974   -2.1896228 
 4195000    2.4268313   -2.5286169 
 4196000    2.1071335    -2.322056 
 4197000    2.1868649   -2.3858072 
 4198000     2.413359   -2.5554797 
 4199000    2.7035474    -2.822254 
 4200000    2.5860364    -2.725771 
 4201000     2.494263   -2.6181753 
 4202000    2.2306488   -2.3255558 
 4203000    2.0648723   -2.1788746 
 4204000     2.309259   -2.4896568 
 4205000    2.2754106   -2.4102465 
 4206000    2.2422384   -2.3731664 
 4207000    2.2458397   -2.3254128 
 4208000    2.1295489   -2.3015234 
 4209000    2.2821623   -2.4599838 
 4210000     2.041536   -2.2323214 
 4211000    2.2790029   -2.4700364 
 4212000    2.1935921   -2.3086397 
 4213000     2.208632    -2.420403 
 4214000    2.2685061   -2.3990459 
 4215000    2.4266176   -2.5520461 
 4216000    2.5169962   -2.5957142 
 4217000    1.9747704   -2.0864515 
 4218000    1.9201762   -2.0653656 
 4219000    1.7902961   -1.9701275 
 4220000    2.1986501   -2.2976194 
 4221000    2.4200317   -2.4587333 
 4222000    2.5597791    -2.671855 
 4223000    2.3615079   -2.5134763 
 4224000    2.3516589   -2.5148295 
 4225000     2.419662   -2.5811393 
 4226000    2.1721659    -2.296826 
 4227000    2.5967696   -2.7394505 
 4228000    2.3379183   -2.3962127 
 4229000    2.6650732   -2.8537921 
 4230000    2.3492733   -2.4146999 
 4231000     2.063897   -2.2092711 
 4232000    2.2135839   -2.3425887 
 4233000    2.1377441   -2.3181122 
 4234000    1.8792594   -1.9778924 
 4235000    2.1606821   -2.2087521 
 4236000    2.2486225   -2.3929096 
 4237000    2.2095831   -2.4493028 
 4238000    2.4837302   -2.6250965 
 4239000    2.5429598   -2.6466725 
 4240000    2.4421355   -2.6093203 
 4241000    2.1147854   -2.2899114 
 4242000    2.3246656   -2.4375306 
 4243000    2.3752366   -2.5213892 
 4244000    2.6043643    -2.644753 
 4245000     2.640392   -2.8011542 
 4246000     2.898833   -3.0609699 
 4247000    2.4807042   -2.6140433 
 4248000    2.7920582   -2.9640892 
 4249000    2.4011692   -2.5556181 
 4250000    2.5265743    -2.620372 
 4251000    2.2214536   -2.3510186 
 4252000    2.1243881     -2.25017 
 4253000    2.1701721   -2.3561972 
 4254000    2.1010663   -2.2971424 
 4255000    2.4313453   -2.4428092 
 4256000    2.5485063   -2.7761007 
 4257000    2.2245405   -2.3844739 
 4258000    1.6715121   -1.8464105 
 4259000    1.7311887   -1.9207753 
 4260000    2.0197447   -2.2159164 
 4261000    1.9682057   -2.1176913 
 4262000    1.8386947   -2.0307337 
 4263000    2.2937851   -2.3639458 
 4264000    2.1384302   -2.2641956 
 4265000    2.0842073   -2.1752741 
 4266000    2.4033878    -2.436583 
 4267000    2.3193086   -2.3813758 
 4268000    2.1759719   -2.3035683 
 4269000    2.0459138   -2.1521551 
 4270000    2.3214364   -2.4688285 
 4271000    2.7930121   -2.8962348 
 4272000    2.5208721   -2.6778921 
 4273000    2.2457398   -2.3194025 
 4274000    2.4815702   -2.6103587 
 4275000    2.9731512   -3.1294483 
 4276000    2.0761013   -2.2504148 
 4277000    2.4382203   -2.5708746 
 4278000    2.3296399   -2.4966565 
 4279000    1.7423624   -1.8625428 
 4280000    2.3210891   -2.4550987 
 4281000    2.1592843   -2.3186083 
 4282000    2.0901177   -2.1471672 
 4283000    2.2798448   -2.3830446 
 4284000    2.3854088   -2.6030657 
 4285000    2.3729456   -2.5492946 
 4286000    2.0385822   -2.1260586 
 4287000    2.1105171   -2.3175055 
 4288000    2.4416635   -2.4584944 
 4289000    2.0299985   -2.1686954 
 4290000    2.2447391   -2.3342447 
 4291000    2.0658065   -2.2275597 
 4292000    1.9736247   -2.1574375 
 4293000    1.9626013   -2.0701381 
 4294000    2.2509965   -2.4152155 
 4295000      2.11348   -2.1586846 
 4296000    2.5720242   -2.7169502 
 4297000    2.3454783    -2.536494 
 4298000    2.1418032   -2.2740845 
 4299000    2.4528294   -2.6016626 
 4300000     2.525795   -2.7174572 
 4301000     2.568685    -2.697793 
 4302000    2.4561715   -2.6614356 
 4303000    2.7231584   -2.8393661 
 4304000    2.5328494   -2.6813302 
 4305000    2.2946504   -2.4864641 
 4306000    2.1858881   -2.2962856 
 4307000    2.5516962   -2.7007641 
 4308000    2.3763546   -2.4934683 
 4309000    2.2136937   -2.3559808 
 4310000    2.2662805   -2.3633199 
 4311000    2.0625063   -2.2352437 
 4312000    2.2198658   -2.3739746 
 4313000    1.9974105   -2.1976762 
 4314000    2.4700264   -2.5944847 
 4315000    2.3092434   -2.4453019 
 4316000    2.4841176    -2.594652 
 4317000    2.4649341   -2.5980259 
 4318000    2.5623996   -2.6658274 
 4319000    2.4117523     -2.60154 
 4320000     2.532305   -2.6925074 
 4321000     2.422043   -2.5412308 
 4322000    2.8532869   -2.9428635 
 4323000    2.7518162   -2.8905885 
 4324000    2.5350577   -2.5888841 
 4325000    2.1874769   -2.3513347 
 4326000    2.2158324   -2.3950142 
 4327000    2.1150591   -2.2899536 
 4328000    2.2995898   -2.4144357 
 4329000    2.5439028   -2.6262326 
 4330000    2.2147355   -2.3401744 
 4331000    2.1763087   -2.3621909 
 4332000    2.4717322   -2.5582725 
 4333000    2.3460658   -2.4456163 
 4334000    1.9246411   -2.0209519 
 4335000    2.1240326   -2.2757883 
 4336000    2.1825381   -2.2927822 
 4337000    2.4344448   -2.5721194 
 4338000    2.2403585   -2.3801226 
 4339000     2.208551   -2.2619588 
 4340000    2.2669017   -2.4123368 
 4341000    2.4895732   -2.6603691 
 4342000    2.6056638   -2.8142226 
 4343000    2.4438295   -2.5788746 
 4344000     2.236154   -2.3433712 
 4345000    2.3670083   -2.5253263 
 4346000    2.7036908   -2.8763843 
 4347000    2.7634026   -2.8776482 
 4348000    2.4385598   -2.6003716 
 4349000     2.653463   -2.7576728 
 4350000     2.511833   -2.6663741 
 4351000    2.3238284   -2.4804834 
 4352000    2.1357557   -2.2546167 
 4353000    2.1607123    -2.307476 
 4354000    2.2622072    -2.414261 
 4355000    2.4270274    -2.559007 
 4356000    2.4230155   -2.5557736 
 4357000    2.3373366     -2.53773 
 4358000     2.573731   -2.7121155 
 4359000    2.6307727   -2.6866541 
 4360000    2.5016541     -2.65037 
 4361000    2.6103685   -2.6901031 
 4362000    2.6006433   -2.7385386 
 4363000    2.5163485   -2.6470264 
 4364000    2.6768606   -2.8286769 
 4365000    2.4885479   -2.6099293 
 4366000     2.507049    -2.632616 
 4367000    2.8844289   -2.9765721 
 4368000    2.5446323   -2.7779148 
 4369000    2.2117324   -2.3514702 
 4370000    2.3368177     -2.51998 
 4371000    2.6053115   -2.7318513 
 4372000    2.6493861    -2.759432 
 4373000    2.5825675   -2.6200645 
 4374000    2.3552753   -2.4681947 
 4375000    2.1868675   -2.3117544 
 4376000    2.1711753   -2.3859552 
 4377000     2.385854   -2.3943741 
 4378000    2.5746611    -2.650249 
 4379000    2.6394365   -2.7793876 
 4380000     2.526041   -2.6234746 
 4381000    2.3133253    -2.422652 
 4382000    1.9704508   -2.0923982 
 4383000    2.3717722   -2.5790168 
 4384000    2.2808024   -2.4426475 
 4385000    2.4040743   -2.5812017 
 4386000    2.4153188   -2.5810834 
 4387000    2.4677575   -2.6596969 
 4388000    2.5005496   -2.5987147 
 4389000     2.499878   -2.6705231 
 4390000    2.5807116   -2.7350767 
 4391000     2.283334    -2.393867 
 4392000    2.4895769   -2.6666375 
 4393000    2.1332442   -2.3551248 
 4394000    2.5051999   -2.6794041 
 4395000     2.505723   -2.6310934 
 4396000    2.4578104   -2.5313851 
 4397000    2.5544346    -2.565627 
 4398000    2.1855591   -2.3112295 
 4399000    1.9049742   -2.0544279 
 4400000    2.1820645   -2.3710044 
 4401000    2.1632985   -2.3232291 
 4402000    2.2498104   -2.4091907 
 4403000    2.2188732   -2.3338818 
 4404000     2.298766   -2.5187327 
 4405000    2.1547466   -2.3006063 
 4406000    1.7499133   -1.7703815 
 4407000    2.0910402   -2.2337914 
 4408000    1.9460224   -2.1170227 
 4409000     2.517034   -2.6058154 
 4410000    2.4148207    -2.537517 
 4411000    1.9055353   -2.1474928 
 4412000    2.4677778   -2.6696942 
 4413000    2.3200386   -2.4807238 
 4414000    2.4138282   -2.5686172 
 4415000    2.6344463   -2.7690902 
 4416000    2.4828198   -2.5926948 
 4417000    2.3781687   -2.4881363 
 4418000    2.3404552   -2.4445976 
 4419000     2.331467   -2.3962292 
 4420000      2.29051   -2.3403919 
 4421000    2.0703107   -2.1687017 
 4422000    2.3336259   -2.3943403 
 4423000    2.1342503   -2.3177146 
 4424000    2.0004421   -2.1955754 
 4425000    2.0821478   -2.2058189 
 4426000     2.179783   -2.2872111 
 4427000    2.2457619   -2.3875236 
 4428000    2.2288036   -2.3897041 
 4429000    2.1400536   -2.3734957 
 4430000    2.2733143   -2.3657878 
 4431000    2.4650876   -2.5862452 
 4432000    2.2536398   -2.4388412 
 4433000    2.4706311   -2.6396973 
 4434000    2.4855702   -2.5941747 
 4435000    2.2945776   -2.4647901 
 4436000    2.3347334   -2.5066836 
 4437000    2.4201476   -2.5593124 
 4438000    1.9447304   -2.0555133 
 4439000    1.9574899   -2.1263379 
 4440000    1.9822939   -2.1005499 
 4441000    1.9629676   -2.1270844 
 4442000    2.0170006   -2.1237802 
 4443000    2.3747643    -2.544472 
 4444000     2.440516   -2.5778405 
 4445000    2.3899303   -2.4905686 
 4446000    2.3144488   -2.4223644 
 4447000    2.0565192    -2.162561 
 4448000    2.2912477    -2.407802 
 4449000    2.5791363   -2.8126631 
 4450000    2.5432716   -2.7028696 
 4451000    2.2870432   -2.3354983 
 4452000    2.3866946   -2.5382527 
 4453000    2.5344954    -2.684467 
 4454000    2.4493041   -2.5175019 
 4455000     2.434895   -2.5892608 
 4456000    2.7018085   -2.8620778 
 4457000    2.4676059   -2.6420488 
 4458000    2.5076993   -2.6511628 
 4459000    2.0795919   -2.2377631 
 4460000    2.1588706   -2.2434693 
 4461000    1.8268455   -2.0430636 
 4462000    2.1772275   -2.3540181 
 4463000    2.3883268    -2.487885 
 4464000    2.2490891   -2.3282132 
 4465000    2.2330888    -2.360094 
 4466000    2.4081458   -2.5799105 
 4467000     2.202827   -2.3068793 
 4468000      2.17813   -2.3021849 
 4469000    2.0669157   -2.1722881 
 4470000    2.4360493   -2.5169298 
 4471000    2.5702568   -2.6442088 
 4472000    2.0202998   -2.0840655 
 4473000    2.2927697   -2.3965599 
 4474000    2.6788029   -2.8492338 
 4475000    2.3309732   -2.4489109 
 4476000    2.4557495   -2.5555963 
 4477000    2.3300774   -2.4649299 
 4478000     2.186255   -2.2767427 
 4479000    2.2297108    -2.327498 
 4480000    1.8656702   -2.0215801 
 4481000    2.0488527   -2.1217479 
 4482000    2.2148733   -2.3609454 
 4483000    2.1696762   -2.2794384 
 4484000    2.2272719   -2.4450194 
 4485000    1.9482127   -2.0906849 
 4486000    2.5294184   -2.6841036 
 4487000    2.3169623   -2.3808007 
 4488000    2.0124058   -2.1656939 
 4489000    1.7764774   -1.8794007 
 4490000    1.3242615   -1.3905642 
 4491000    2.0882293   -2.1989613 
 4492000    2.2010414   -2.4275953 
 4493000    2.2829835   -2.5086321 
 4494000    2.1191902   -2.3187924 
 4495000    1.9759731   -2.1865522 
 4496000    2.1765957   -2.2905884 
 4497000    2.0586281   -2.1244109 
 4498000    2.0813169   -2.2194516 
 4499000    2.0215842   -2.1053779 
 4500000    2.2383688   -2.3293379 
Loop time of 452146 on 8 procs for 2500000 steps with 9442 atoms

Performance: 0.955 ns/day, 25.119 hours/ns, 5.529 timesteps/s
97.2% CPU use with 8 MPI tasks x no OpenMP threads

MPI task timing breakdown:
Section |  min time  |  avg time  |  max time  |%varavg| %total
---------------------------------------------------------------
Pair    | 39659      | 42385      | 44473      | 815.5 |  9.37
Bond    | 79.407     | 83.963     | 87.747     |  27.0 |  0.02
Kspace  | 68153      | 71082      | 75725      | 980.2 | 15.72
Neigh   | 8938.4     | 8945.7     | 8951.4     |   4.3 |  1.98
Comm    | 614        | 638.47     | 662.56     |  74.9 |  0.14
Output  | 0.14827    | 0.22388    | 0.65402    |  34.4 |  0.00
Modify  | 3.2702e+05 | 3.2893e+05 | 3.3015e+05 | 176.8 | 72.75
Other   |            | 78.31      |            |       |  0.02

Nlocal:    1180.25 ave 1209 max 1148 min
Histogram: 1 0 1 0 1 2 1 0 1 1
Nghost:    9849.5 ave 9930 max 9736 min
Histogram: 1 0 1 0 0 1 2 1 1 1
Neighs:    1.03937e+06 ave 1.06916e+06 max 1.00738e+06 min
Histogram: 1 1 0 0 1 2 1 1 0 1

Total # of neighbors = 8314941
Ave neighs/atom = 880.633
Ave special neighs/atom = 1.60136
Neighbor list builds = 248598
Dangerous builds = 0
#write_restart KCLrestart




Total wall time: 125:41:27
