# Chunk-averaged data for fix DENSITYFIXwater and group file
# Timestep Number-of-chunks Total-count
# Chunk Coord1 Ncount density/number
2500000 70 2520
  1 -34.1187 0 0
  2 -33.1187 0 0
  3 -32.1187 1 0.000803292
  4 -31.1187 0 0
  5 -30.1187 0 0
  6 -29.1187 0 0
  7 -28.1187 22.6 0.0181544
  8 -27.1187 91.4 0.0734209
  9 -26.1187 24 0.019279
  10 -25.1187 39 0.0313284
  11 -24.1187 56.8 0.045627
  12 -23.1187 37.8 0.0303644
  13 -22.1187 49.2 0.039522
  14 -21.1187 41.6 0.0334169
  15 -20.1187 41 0.032935
  16 -19.1187 48 0.038558
  17 -18.1187 39.2 0.031489
  18 -17.1187 43.8 0.0351842
  19 -16.1187 43.2 0.0347022
  20 -15.1187 38.4 0.0308464
  21 -14.1187 47.4 0.038076
  22 -13.1187 45.6 0.0366301
  23 -12.1187 38.4 0.0308464
  24 -11.1187 48.2 0.0387187
  25 -10.1187 39 0.0313284
  26 -9.11872 43.8 0.0351842
  27 -8.11872 46.2 0.0371121
  28 -7.11872 43.6 0.0350235
  29 -6.11872 48.8 0.0392006
  30 -5.11872 44 0.0353448
  31 -4.11872 40 0.0321317
  32 -3.11872 44.2 0.0355055
  33 -2.11872 47.6 0.0382367
  34 -1.11872 42 0.0337383
  35 -0.118716 47.2 0.0379154
  36 0.881284 40.4 0.032453
  37 1.88128 51.4 0.0412892
  38 2.88128 34.2 0.0274726
  39 3.88128 39.6 0.0318104
  40 4.88128 52 0.0417712
  41 5.88128 38.6 0.0310071
  42 6.88128 46.8 0.0375941
  43 7.88128 46 0.0369514
  44 8.88128 40.8 0.0327743
  45 9.88128 34.8 0.0279546
  46 10.8813 54.6 0.0438597
  47 11.8813 38.4 0.0308464
  48 12.8813 42.2 0.0338989
  49 13.8813 41.8 0.0335776
  50 14.8813 38 0.0305251
  51 15.8813 46.6 0.0374334
  52 16.8813 36.8 0.0295611
  53 17.8813 52.6 0.0422532
  54 18.8813 41.8 0.0335776
  55 19.8813 36.2 0.0290792
  56 20.8813 58.2 0.0467516
  57 21.8813 43.2 0.0347022
  58 22.8813 32.8 0.026348
  59 23.8813 48.6 0.03904
  60 24.8813 52.6 0.0422532
  61 25.8813 23 0.0184757
  62 26.8813 63.6 0.0510894
  63 27.8813 61.4 0.0493221
  64 28.8813 0 0
  65 29.8813 0 0
  66 30.8813 0 0
  67 31.8813 0 0
  68 32.8813 0 0
  69 33.8813 0 0
  70 34.8813 0 0
3000000 70 2520
  1 -34.1187 0 0
  2 -33.1187 0 0
  3 -32.1187 1 0.000803292
  4 -31.1187 0 0
  5 -30.1187 0 0
  6 -29.1187 0 0
  7 -28.1187 32.6 0.0261873
  8 -27.1187 92.4 0.0742242
  9 -26.1187 20.2 0.0162265
  10 -25.1187 46.4 0.0372727
  11 -24.1187 38.4 0.0308464
  12 -23.1187 41.6 0.0334169
  13 -22.1187 44.2 0.0355055
  14 -21.1187 44 0.0353448
  15 -20.1187 45.6 0.0366301
  16 -19.1187 33.6 0.0269906
  17 -18.1187 48.8 0.0392006
  18 -17.1187 45.8 0.0367908
  19 -16.1187 44.8 0.0359875
  20 -15.1187 43 0.0345415
  21 -14.1187 37.6 0.0302038
  22 -13.1187 56.6 0.0454663
  23 -12.1187 38.4 0.0308464
  24 -11.1187 37 0.0297218
  25 -10.1187 49.4 0.0396826
  26 -9.11872 41.4 0.0332563
  27 -8.11872 41.8 0.0335776
  28 -7.11872 43.8 0.0351842
  29 -6.11872 47.2 0.0379154
  30 -5.11872 43 0.0345415
  31 -4.11872 39 0.0313284
  32 -3.11872 48.2 0.0387187
  33 -2.11872 38.4 0.0308464
  34 -1.11872 54.6 0.0438597
  35 -0.118716 31.2 0.0250627
  36 0.881284 47.2 0.0379154
  37 1.88128 56.2 0.045145
  38 2.88128 36.8 0.0295611
  39 3.88128 40.4 0.032453
  40 4.88128 41.6 0.0334169
  41 5.88128 44.2 0.0355055
  42 6.88128 48.6 0.03904
  43 7.88128 42 0.0337383
  44 8.88128 49.8 0.0400039
  45 9.88128 38.2 0.0306857
  46 10.8813 38.6 0.0310071
  47 11.8813 44.4 0.0356662
  48 12.8813 42.4 0.0340596
  49 13.8813 42.8 0.0343809
  50 14.8813 41.6 0.0334169
  51 15.8813 49.2 0.039522
  52 16.8813 38.6 0.0310071
  53 17.8813 43 0.0345415
  54 18.8813 49.8 0.0400039
  55 19.8813 34.2 0.0274726
  56 20.8813 48.8 0.0392006
  57 21.8813 43.8 0.0351842
  58 22.8813 34 0.0273119
  59 23.8813 43.8 0.0351842
  60 24.8813 61 0.0490008
  61 25.8813 19.6 0.0157445
  62 26.8813 60.2 0.0483582
  63 27.8813 69.2 0.0555878
  64 28.8813 0 0
  65 29.8813 0 0
  66 30.8813 0 0
  67 31.8813 0 0
  68 32.8813 0 0
  69 33.8813 0 0
  70 34.8813 0 0
3500000 70 2520
  1 -34.1187 0 0
  2 -33.1187 0 0
  3 -32.1187 1 0.000803292
  4 -31.1187 0 0
  5 -30.1187 0 0
  6 -29.1187 0 0
  7 -28.1187 39.4 0.0316497
  8 -27.1187 81.4 0.065388
  9 -26.1187 22.2 0.0178331
  10 -25.1187 41.2 0.0330956
  11 -24.1187 54.4 0.0436991
  12 -23.1187 40 0.0321317
  13 -22.1187 37.8 0.0303644
  14 -21.1187 44.2 0.0355055
  15 -20.1187 54.8 0.0440204
  16 -19.1187 34.6 0.0277939
  17 -18.1187 49.8 0.0400039
  18 -17.1187 42.6 0.0342202
  19 -16.1187 40.6 0.0326136
  20 -15.1187 39.8 0.031971
  21 -14.1187 51.8 0.0416105
  22 -13.1187 42.4 0.0340596
  23 -12.1187 46.4 0.0372727
  24 -11.1187 40.2 0.0322923
  25 -10.1187 47.8 0.0383974
  26 -9.11872 42.8 0.0343809
  27 -8.11872 38 0.0305251
  28 -7.11872 47.4 0.038076
  29 -6.11872 39.8 0.031971
  30 -5.11872 45 0.0361481
  31 -4.11872 48.8 0.0392006
  32 -3.11872 42.8 0.0343809
  33 -2.11872 49 0.0393613
  34 -1.11872 40.8 0.0327743
  35 -0.118716 43.4 0.0348629
  36 0.881284 47.4 0.038076
  37 1.88128 48.4 0.0388793
  38 2.88128 30.2 0.0242594
  39 3.88128 52.2 0.0419318
  40 4.88128 41.6 0.0334169
  41 5.88128 44.6 0.0358268
  42 6.88128 36.6 0.0294005
  43 7.88128 49.2 0.039522
  44 8.88128 42 0.0337383
  45 9.88128 39.4 0.0316497
  46 10.8813 40.4 0.032453
  47 11.8813 44.4 0.0356662
  48 12.8813 46.4 0.0372727
  49 13.8813 37.2 0.0298825
  50 14.8813 50.4 0.0404859
  51 15.8813 38.4 0.0308464
  52 16.8813 46.6 0.0374334
  53 17.8813 34.6 0.0277939
  54 18.8813 45.4 0.0364694
  55 19.8813 45.8 0.0367908
  56 20.8813 38.6 0.0310071
  57 21.8813 47.6 0.0382367
  58 22.8813 39.4 0.0316497
  59 23.8813 33 0.0265086
  60 24.8813 64 0.0514107
  61 25.8813 18 0.0144593
  62 26.8813 52.8 0.0424138
  63 27.8813 75.2 0.0604075
  64 28.8813 0 0
  65 29.8813 0 0
  66 30.8813 0 0
  67 31.8813 0 0
  68 32.8813 0 0
  69 33.8813 0 0
  70 34.8813 0 0
