# Chunk-averaged data for fix DENSITYFIXwater and group file
# Timestep Number-of-chunks Total-count
# Chunk Coord1 Ncount density/number
2500000 70 2520
  1 -34.1187 0 0
  2 -33.1187 0 0
  3 -32.1187 1 0.000803292
  4 -31.1187 0 0
  5 -30.1187 0 0
  6 -29.1187 0 0
  7 -28.1187 30.4 0.0244201
  8 -27.1187 81 0.0650666
  9 -26.1187 24.8 0.0199216
  10 -25.1187 44.4 0.0356662
  11 -24.1187 54.4 0.0436991
  12 -23.1187 39 0.0313284
  13 -22.1187 32.2 0.025866
  14 -21.1187 58.2 0.0467516
  15 -20.1187 40.8 0.0327743
  16 -19.1187 37.8 0.0303644
  17 -18.1187 44.2 0.0355055
  18 -17.1187 45 0.0361481
  19 -16.1187 49 0.0393613
  20 -15.1187 41.2 0.0330956
  21 -14.1187 43.2 0.0347022
  22 -13.1187 46.8 0.0375941
  23 -12.1187 46.6 0.0374334
  24 -11.1187 36.4 0.0292398
  25 -10.1187 47.2 0.0379154
  26 -9.11872 46.8 0.0375941
  27 -8.11872 37.2 0.0298825
  28 -7.11872 46.6 0.0374334
  29 -6.11872 38.8 0.0311677
  30 -5.11872 40.8 0.0327743
  31 -4.11872 50 0.0401646
  32 -3.11872 34 0.0273119
  33 -2.11872 48.8 0.0392006
  34 -1.11872 41.8 0.0335776
  35 -0.118716 39.6 0.0318104
  36 0.881284 43.6 0.0350235
  37 1.88128 47 0.0377547
  38 2.88128 37.8 0.0303644
  39 3.88128 49.4 0.0396826
  40 4.88128 41.2 0.0330956
  41 5.88128 45.4 0.0364694
  42 6.88128 47.8 0.0383974
  43 7.88128 38.4 0.0308464
  44 8.88128 48.6 0.03904
  45 9.88128 38.2 0.0306857
  46 10.8813 45.4 0.0364694
  47 11.8813 41.8 0.0335776
  48 12.8813 46.4 0.0372727
  49 13.8813 43.4 0.0348629
  50 14.8813 43.2 0.0347022
  51 15.8813 46.6 0.0374334
  52 16.8813 40.8 0.0327743
  53 17.8813 37.4 0.0300431
  54 18.8813 54 0.0433778
  55 19.8813 35 0.0281152
  56 20.8813 43.6 0.0350235
  57 21.8813 53.2 0.0427351
  58 22.8813 35.6 0.0285972
  59 23.8813 42.6 0.0342202
  60 24.8813 61.2 0.0491615
  61 25.8813 13.6 0.0109248
  62 26.8813 66.6 0.0534992
  63 27.8813 64.2 0.0515713
  64 28.8813 0 0
  65 29.8813 0 0
  66 30.8813 0 0
  67 31.8813 0 0
  68 32.8813 0 0
  69 33.8813 0 0
  70 34.8813 0 0
3000000 70 2520
  1 -34.1187 0 0
  2 -33.1187 0 0
  3 -32.1187 1 0.000803292
  4 -31.1187 0 0
  5 -30.1187 0 0
  6 -29.1187 0 0
  7 -28.1187 28.4 0.0228135
  8 -27.1187 93.4 0.0750275
  9 -26.1187 19.6 0.0157445
  10 -25.1187 46.6 0.0374334
  11 -24.1187 46.8 0.0375941
  12 -23.1187 49.2 0.039522
  13 -22.1187 39 0.0313284
  14 -21.1187 44.8 0.0359875
  15 -20.1187 44.8 0.0359875
  16 -19.1187 34.4 0.0276332
  17 -18.1187 53.4 0.0428958
  18 -17.1187 43.6 0.0350235
  19 -16.1187 41.4 0.0332563
  20 -15.1187 49.6 0.0398433
  21 -14.1187 38 0.0305251
  22 -13.1187 44 0.0353448
  23 -12.1187 44.2 0.0355055
  24 -11.1187 46.4 0.0372727
  25 -10.1187 36.4 0.0292398
  26 -9.11872 40.8 0.0327743
  27 -8.11872 43.6 0.0350235
  28 -7.11872 43.4 0.0348629
  29 -6.11872 47 0.0377547
  30 -5.11872 39 0.0313284
  31 -4.11872 41.2 0.0330956
  32 -3.11872 45 0.0361481
  33 -2.11872 43.6 0.0350235
  34 -1.11872 44 0.0353448
  35 -0.118716 40.6 0.0326136
  36 0.881284 41.6 0.0334169
  37 1.88128 44.6 0.0358268
  38 2.88128 49.4 0.0396826
  39 3.88128 42.8 0.0343809
  40 4.88128 37.6 0.0302038
  41 5.88128 43.2 0.0347022
  42 6.88128 54 0.0433778
  43 7.88128 32.8 0.026348
  44 8.88128 43.2 0.0347022
  45 9.88128 42.6 0.0342202
  46 10.8813 42.6 0.0342202
  47 11.8813 46.4 0.0372727
  48 12.8813 46.2 0.0371121
  49 13.8813 46.6 0.0374334
  50 14.8813 37.8 0.0303644
  51 15.8813 36 0.0289185
  52 16.8813 49 0.0393613
  53 17.8813 41.4 0.0332563
  54 18.8813 44.2 0.0355055
  55 19.8813 45.4 0.0364694
  56 20.8813 40.6 0.0326136
  57 21.8813 48 0.038558
  58 22.8813 43.2 0.0347022
  59 23.8813 39.8 0.031971
  60 24.8813 61.2 0.0491615
  61 25.8813 14.8 0.0118887
  62 26.8813 60.4 0.0485188
  63 27.8813 71.4 0.057355
  64 28.8813 0 0
  65 29.8813 0 0
  66 30.8813 0 0
  67 31.8813 0 0
  68 32.8813 0 0
  69 33.8813 0 0
  70 34.8813 0 0
3500000 70 2520
  1 -34.1187 0 0
  2 -33.1187 0 0
  3 -32.1187 1 0.000803292
  4 -31.1187 0 0
  5 -30.1187 0 0
  6 -29.1187 0 0
  7 -28.1187 31.6 0.025384
  8 -27.1187 92.6 0.0743848
  9 -26.1187 17.4 0.0139773
  10 -25.1187 45 0.0361481
  11 -24.1187 43.8 0.0351842
  12 -23.1187 44.4 0.0356662
  13 -22.1187 40.6 0.0326136
  14 -21.1187 42 0.0337383
  15 -20.1187 48.8 0.0392006
  16 -19.1187 39.8 0.031971
  17 -18.1187 44.4 0.0356662
  18 -17.1187 48.2 0.0387187
  19 -16.1187 39.2 0.031489
  20 -15.1187 45.8 0.0367908
  21 -14.1187 41.2 0.0330956
  22 -13.1187 47.4 0.038076
  23 -12.1187 40.4 0.032453
  24 -11.1187 45.4 0.0364694
  25 -10.1187 40 0.0321317
  26 -9.11872 48.2 0.0387187
  27 -8.11872 45.6 0.0366301
  28 -7.11872 42.4 0.0340596
  29 -6.11872 42.8 0.0343809
  30 -5.11872 39 0.0313284
  31 -4.11872 43 0.0345415
  32 -3.11872 48.4 0.0388793
  33 -2.11872 43.2 0.0347022
  34 -1.11872 35 0.0281152
  35 -0.118716 54.6 0.0438597
  36 0.881284 38.8 0.0311677
  37 1.88128 45.2 0.0363088
  38 2.88128 43.6 0.0350235
  39 3.88128 40 0.0321317
  40 4.88128 46 0.0369514
  41 5.88128 42.4 0.0340596
  42 6.88128 40.8 0.0327743
  43 7.88128 43.6 0.0350235
  44 8.88128 44.8 0.0359875
  45 9.88128 39.6 0.0318104
  46 10.8813 41 0.032935
  47 11.8813 45.6 0.0366301
  48 12.8813 47 0.0377547
  49 13.8813 36.2 0.0290792
  50 14.8813 51.2 0.0411285
  51 15.8813 47 0.0377547
  52 16.8813 39.6 0.0318104
  53 17.8813 47.4 0.038076
  54 18.8813 44.2 0.0355055
  55 19.8813 38.8 0.0311677
  56 20.8813 57 0.0457876
  57 21.8813 29.2 0.0234561
  58 22.8813 44.4 0.0356662
  59 23.8813 44.2 0.0355055
  60 24.8813 56.2 0.045145
  61 25.8813 12 0.0096395
  62 26.8813 68.4 0.0549452
  63 27.8813 64.6 0.0518927
  64 28.8813 0 0
  65 29.8813 0 0
  66 30.8813 0 0
  67 31.8813 0 0
  68 32.8813 0 0
  69 33.8813 0 0
  70 34.8813 0 0
