# Chunk-averaged data for fix DENSITYFIXwater and group file
# Timestep Number-of-chunks Total-count
# Chunk Coord1 Ncount density/number
2500000 70 2520
  1 -34.1187 0 0
  2 -33.1187 0 0
  3 -32.1187 1 0.000803292
  4 -31.1187 0 0
  5 -30.1187 0 0
  6 -29.1187 0 0
  7 -28.1187 23.4 0.018797
  8 -27.1187 97.6 0.0784013
  9 -26.1187 23 0.0184757
  10 -25.1187 39.2 0.031489
  11 -24.1187 52.4 0.0420925
  12 -23.1187 40.6 0.0326136
  13 -22.1187 48.8 0.0392006
  14 -21.1187 42.8 0.0343809
  15 -20.1187 47.2 0.0379154
  16 -19.1187 41.8 0.0335776
  17 -18.1187 40 0.0321317
  18 -17.1187 47 0.0377547
  19 -16.1187 50 0.0401646
  20 -15.1187 42.6 0.0342202
  21 -14.1187 49 0.0393613
  22 -13.1187 39.6 0.0318104
  23 -12.1187 45.4 0.0364694
  24 -11.1187 41.8 0.0335776
  25 -10.1187 45.2 0.0363088
  26 -9.11872 38.2 0.0306857
  27 -8.11872 35.8 0.0287578
  28 -7.11872 44 0.0353448
  29 -6.11872 42.6 0.0342202
  30 -5.11872 45.4 0.0364694
  31 -4.11872 38.2 0.0306857
  32 -3.11872 45.8 0.0367908
  33 -2.11872 49.6 0.0398433
  34 -1.11872 41 0.032935
  35 -0.118716 37.4 0.0300431
  36 0.881284 48.6 0.03904
  37 1.88128 40.6 0.0326136
  38 2.88128 40.2 0.0322923
  39 3.88128 49.6 0.0398433
  40 4.88128 35.2 0.0282759
  41 5.88128 47.6 0.0382367
  42 6.88128 41.8 0.0335776
  43 7.88128 45 0.0361481
  44 8.88128 43.6 0.0350235
  45 9.88128 36.4 0.0292398
  46 10.8813 46.2 0.0371121
  47 11.8813 44.8 0.0359875
  48 12.8813 42.8 0.0343809
  49 13.8813 43.4 0.0348629
  50 14.8813 40.8 0.0327743
  51 15.8813 47 0.0377547
  52 16.8813 41.2 0.0330956
  53 17.8813 44.8 0.0359875
  54 18.8813 41.8 0.0335776
  55 19.8813 40.4 0.032453
  56 20.8813 46.8 0.0375941
  57 21.8813 47.4 0.038076
  58 22.8813 39.6 0.0318104
  59 23.8813 44.2 0.0355055
  60 24.8813 56.6 0.0454663
  61 25.8813 21.2 0.0170298
  62 26.8813 52.8 0.0424138
  63 27.8813 73.2 0.058801
  64 28.8813 0 0
  65 29.8813 0 0
  66 30.8813 0 0
  67 31.8813 0 0
  68 32.8813 0 0
  69 33.8813 0 0
  70 34.8813 0 0
3000000 70 2520
  1 -34.1187 0 0
  2 -33.1187 0 0
  3 -32.1187 1 0.000803292
  4 -31.1187 0 0
  5 -30.1187 0 0
  6 -29.1187 0 0
  7 -28.1187 36.2 0.0290792
  8 -27.1187 82.8 0.0665126
  9 -26.1187 24 0.019279
  10 -25.1187 50 0.0401646
  11 -24.1187 45.4 0.0364694
  12 -23.1187 39 0.0313284
  13 -22.1187 43 0.0345415
  14 -21.1187 44.2 0.0355055
  15 -20.1187 49.4 0.0396826
  16 -19.1187 40.8 0.0327743
  17 -18.1187 39.4 0.0316497
  18 -17.1187 38.8 0.0311677
  19 -16.1187 50 0.0401646
  20 -15.1187 41 0.032935
  21 -14.1187 41 0.032935
  22 -13.1187 47.8 0.0383974
  23 -12.1187 38.6 0.0310071
  24 -11.1187 42.6 0.0342202
  25 -10.1187 56.2 0.045145
  26 -9.11872 34.2 0.0274726
  27 -8.11872 38.4 0.0308464
  28 -7.11872 57.2 0.0459483
  29 -6.11872 36.6 0.0294005
  30 -5.11872 40.8 0.0327743
  31 -4.11872 54.4 0.0436991
  32 -3.11872 40.4 0.032453
  33 -2.11872 47.8 0.0383974
  34 -1.11872 39.8 0.031971
  35 -0.118716 39 0.0313284
  36 0.881284 51.4 0.0412892
  37 1.88128 46 0.0369514
  38 2.88128 38.8 0.0311677
  39 3.88128 41.2 0.0330956
  40 4.88128 39.2 0.031489
  41 5.88128 42.8 0.0343809
  42 6.88128 50.8 0.0408072
  43 7.88128 44.8 0.0359875
  44 8.88128 39.8 0.031971
  45 9.88128 36.2 0.0290792
  46 10.8813 46.6 0.0374334
  47 11.8813 50.6 0.0406466
  48 12.8813 33.2 0.0266693
  49 13.8813 40.8 0.0327743
  50 14.8813 48.2 0.0387187
  51 15.8813 40 0.0321317
  52 16.8813 42.8 0.0343809
  53 17.8813 44.4 0.0356662
  54 18.8813 47.6 0.0382367
  55 19.8813 39.8 0.031971
  56 20.8813 41.6 0.0334169
  57 21.8813 44.6 0.0358268
  58 22.8813 36.2 0.0290792
  59 23.8813 44.8 0.0359875
  60 24.8813 62.6 0.0502861
  61 25.8813 11.4 0.00915753
  62 26.8813 60 0.0481975
  63 27.8813 73.4 0.0589616
  64 28.8813 0.6 0.000481975
  65 29.8813 0 0
  66 30.8813 0 0
  67 31.8813 0 0
  68 32.8813 0 0
  69 33.8813 0 0
  70 34.8813 0 0
3500000 70 2520
  1 -34.1187 0 0
  2 -33.1187 0 0
  3 -32.1187 1 0.000803292
  4 -31.1187 0 0
  5 -30.1187 0 0
  6 -29.1187 0 0
  7 -28.1187 35.4 0.0284365
  8 -27.1187 87 0.0698864
  9 -26.1187 20.6 0.0165478
  10 -25.1187 43 0.0345415
  11 -24.1187 64.8 0.0520533
  12 -23.1187 32.6 0.0261873
  13 -22.1187 43.2 0.0347022
  14 -21.1187 42.8 0.0343809
  15 -20.1187 55 0.0441811
  16 -19.1187 29.2 0.0234561
  17 -18.1187 43.6 0.0350235
  18 -17.1187 55.6 0.044663
  19 -16.1187 31.6 0.025384
  20 -15.1187 48 0.038558
  21 -14.1187 48.4 0.0388793
  22 -13.1187 38.2 0.0306857
  23 -12.1187 47 0.0377547
  24 -11.1187 45.2 0.0363088
  25 -10.1187 45.2 0.0363088
  26 -9.11872 38.8 0.0311677
  27 -8.11872 52.2 0.0419318
  28 -7.11872 42.8 0.0343809
  29 -6.11872 40 0.0321317
  30 -5.11872 45.8 0.0367908
  31 -4.11872 40.2 0.0322923
  32 -3.11872 38.4 0.0308464
  33 -2.11872 48.2 0.0387187
  34 -1.11872 52 0.0417712
  35 -0.118716 29.4 0.0236168
  36 0.881284 51.4 0.0412892
  37 1.88128 47.6 0.0382367
  38 2.88128 37.4 0.0300431
  39 3.88128 40.8 0.0327743
  40 4.88128 46.2 0.0371121
  41 5.88128 46.6 0.0374334
  42 6.88128 37.2 0.0298825
  43 7.88128 40 0.0321317
  44 8.88128 45 0.0361481
  45 9.88128 52.6 0.0422532
  46 10.8813 40.2 0.0322923
  47 11.8813 35 0.0281152
  48 12.8813 44.8 0.0359875
  49 13.8813 43.2 0.0347022
  50 14.8813 43.2 0.0347022
  51 15.8813 39.6 0.0318104
  52 16.8813 49 0.0393613
  53 17.8813 39.4 0.0316497
  54 18.8813 45.6 0.0366301
  55 19.8813 39.8 0.031971
  56 20.8813 42.2 0.0338989
  57 21.8813 41 0.032935
  58 22.8813 37.2 0.0298825
  59 23.8813 44.4 0.0356662
  60 24.8813 54.2 0.0435384
  61 25.8813 22 0.0176724
  62 26.8813 58.4 0.0469122
  63 27.8813 70.8 0.0568731
  64 28.8813 0 0
  65 29.8813 0 0
  66 30.8813 0 0
  67 31.8813 0 0
  68 32.8813 0 0
  69 33.8813 0 0
  70 34.8813 0 0
