# Chunk-averaged data for fix DENSITYFIXwater and group file
# Timestep Number-of-chunks Total-count
# Chunk Coord1 Ncount density/number
2500000 70 2520
  1 -34.1187 0 0
  2 -33.1187 0 0
  3 -32.1187 1 0.000803292
  4 -31.1187 0 0
  5 -30.1187 0 0
  6 -29.1187 0 0
  7 -28.1187 28.6 0.0229741
  8 -27.1187 97.4 0.0782406
  9 -26.1187 19.2 0.0154232
  10 -25.1187 46.6 0.0374334
  11 -24.1187 48.2 0.0387187
  12 -23.1187 36.4 0.0292398
  13 -22.1187 51.4 0.0412892
  14 -21.1187 40.8 0.0327743
  15 -20.1187 43.4 0.0348629
  16 -19.1187 41.8 0.0335776
  17 -18.1187 36 0.0289185
  18 -17.1187 40.2 0.0322923
  19 -16.1187 50 0.0401646
  20 -15.1187 41.8 0.0335776
  21 -14.1187 42.6 0.0342202
  22 -13.1187 49.2 0.039522
  23 -12.1187 39.2 0.031489
  24 -11.1187 50.6 0.0406466
  25 -10.1187 38.6 0.0310071
  26 -9.11872 39.6 0.0318104
  27 -8.11872 52.6 0.0422532
  28 -7.11872 39.8 0.031971
  29 -6.11872 42.8 0.0343809
  30 -5.11872 46.2 0.0371121
  31 -4.11872 40.6 0.0326136
  32 -3.11872 43.2 0.0347022
  33 -2.11872 46.6 0.0374334
  34 -1.11872 34.4 0.0276332
  35 -0.118716 51.8 0.0416105
  36 0.881284 32.8 0.026348
  37 1.88128 54.2 0.0435384
  38 2.88128 39.6 0.0318104
  39 3.88128 42.8 0.0343809
  40 4.88128 41.4 0.0332563
  41 5.88128 49.8 0.0400039
  42 6.88128 43 0.0345415
  43 7.88128 41.2 0.0330956
  44 8.88128 50.6 0.0406466
  45 9.88128 41 0.032935
  46 10.8813 39.2 0.031489
  47 11.8813 46 0.0369514
  48 12.8813 47 0.0377547
  49 13.8813 34.2 0.0274726
  50 14.8813 54.4 0.0436991
  51 15.8813 39.2 0.031489
  52 16.8813 39.8 0.031971
  53 17.8813 45.2 0.0363088
  54 18.8813 47.4 0.038076
  55 19.8813 35.6 0.0285972
  56 20.8813 44 0.0353448
  57 21.8813 47 0.0377547
  58 22.8813 35.8 0.0287578
  59 23.8813 41.2 0.0330956
  60 24.8813 58 0.0465909
  61 25.8813 18.4 0.0147806
  62 26.8813 68.2 0.0547845
  63 27.8813 62.4 0.0501254
  64 28.8813 0 0
  65 29.8813 0 0
  66 30.8813 0 0
  67 31.8813 0 0
  68 32.8813 0 0
  69 33.8813 0 0
  70 34.8813 0 0
3000000 70 2520
  1 -34.1187 0 0
  2 -33.1187 0 0
  3 -32.1187 1 0.000803292
  4 -31.1187 0 0
  5 -30.1187 0 0
  6 -29.1187 0 0
  7 -28.1187 33 0.0265086
  8 -27.1187 88.4 0.071011
  9 -26.1187 22.6 0.0181544
  10 -25.1187 48 0.038558
  11 -24.1187 48.8 0.0392006
  12 -23.1187 42 0.0337383
  13 -22.1187 40 0.0321317
  14 -21.1187 51 0.0409679
  15 -20.1187 40.4 0.032453
  16 -19.1187 42.6 0.0342202
  17 -18.1187 55.2 0.0443417
  18 -17.1187 30 0.0240988
  19 -16.1187 42.6 0.0342202
  20 -15.1187 49 0.0393613
  21 -14.1187 37 0.0297218
  22 -13.1187 56.6 0.0454663
  23 -12.1187 33.2 0.0266693
  24 -11.1187 49 0.0393613
  25 -10.1187 37.8 0.0303644
  26 -9.11872 51.2 0.0411285
  27 -8.11872 38.6 0.0310071
  28 -7.11872 32.6 0.0261873
  29 -6.11872 51.4 0.0412892
  30 -5.11872 44 0.0353448
  31 -4.11872 39.6 0.0318104
  32 -3.11872 46.4 0.0372727
  33 -2.11872 47.2 0.0379154
  34 -1.11872 33.4 0.0268299
  35 -0.118716 45.8 0.0367908
  36 0.881284 45.6 0.0366301
  37 1.88128 45.2 0.0363088
  38 2.88128 37.8 0.0303644
  39 3.88128 43.2 0.0347022
  40 4.88128 47.6 0.0382367
  41 5.88128 40.4 0.032453
  42 6.88128 44.4 0.0356662
  43 7.88128 42.4 0.0340596
  44 8.88128 40.8 0.0327743
  45 9.88128 47.6 0.0382367
  46 10.8813 43.2 0.0347022
  47 11.8813 41.2 0.0330956
  48 12.8813 39.4 0.0316497
  49 13.8813 39.4 0.0316497
  50 14.8813 55.6 0.044663
  51 15.8813 42.4 0.0340596
  52 16.8813 40.2 0.0322923
  53 17.8813 43.2 0.0347022
  54 18.8813 50.8 0.0408072
  55 19.8813 36.2 0.0290792
  56 20.8813 44.8 0.0359875
  57 21.8813 44.6 0.0358268
  58 22.8813 41.2 0.0330956
  59 23.8813 34.8 0.0279546
  60 24.8813 59.6 0.0478762
  61 25.8813 22 0.0176724
  62 26.8813 50.8 0.0408072
  63 27.8813 77.2 0.0620141
  64 28.8813 0 0
  65 29.8813 0 0
  66 30.8813 0 0
  67 31.8813 0 0
  68 32.8813 0 0
  69 33.8813 0 0
  70 34.8813 0 0
3500000 70 2520
  1 -34.1187 0 0
  2 -33.1187 0 0
  3 -32.1187 1 0.000803292
  4 -31.1187 0 0
  5 -30.1187 0 0
  6 -29.1187 0 0
  7 -28.1187 27.6 0.0221709
  8 -27.1187 93 0.0747061
  9 -26.1187 20.4 0.0163872
  10 -25.1187 45 0.0361481
  11 -24.1187 55.4 0.0445024
  12 -23.1187 37.6 0.0302038
  13 -22.1187 40 0.0321317
  14 -21.1187 48.8 0.0392006
  15 -20.1187 44.6 0.0358268
  16 -19.1187 41 0.032935
  17 -18.1187 41.2 0.0330956
  18 -17.1187 41.2 0.0330956
  19 -16.1187 47.8 0.0383974
  20 -15.1187 43.8 0.0351842
  21 -14.1187 38 0.0305251
  22 -13.1187 45.6 0.0366301
  23 -12.1187 35.4 0.0284365
  24 -11.1187 51 0.0409679
  25 -10.1187 36.8 0.0295611
  26 -9.11872 46.8 0.0375941
  27 -8.11872 50.2 0.0403253
  28 -7.11872 42 0.0337383
  29 -6.11872 38.8 0.0311677
  30 -5.11872 46.6 0.0374334
  31 -4.11872 42.8 0.0343809
  32 -3.11872 33.4 0.0268299
  33 -2.11872 49.6 0.0398433
  34 -1.11872 43.6 0.0350235
  35 -0.118716 42.6 0.0342202
  36 0.881284 43 0.0345415
  37 1.88128 38.8 0.0311677
  38 2.88128 43.8 0.0351842
  39 3.88128 53.8 0.0432171
  40 4.88128 29.4 0.0236168
  41 5.88128 55.4 0.0445024
  42 6.88128 44.8 0.0359875
  43 7.88128 40 0.0321317
  44 8.88128 47.6 0.0382367
  45 9.88128 39 0.0313284
  46 10.8813 44.6 0.0358268
  47 11.8813 45.4 0.0364694
  48 12.8813 49.6 0.0398433
  49 13.8813 40 0.0321317
  50 14.8813 39.8 0.031971
  51 15.8813 39 0.0313284
  52 16.8813 53.8 0.0432171
  53 17.8813 36 0.0289185
  54 18.8813 50.2 0.0403253
  55 19.8813 38.2 0.0306857
  56 20.8813 49.6 0.0398433
  57 21.8813 41.4 0.0332563
  58 22.8813 40 0.0321317
  59 23.8813 42.2 0.0338989
  60 24.8813 57.2 0.0459483
  61 25.8813 15.2 0.01221
  62 26.8813 67.8 0.0544632
  63 27.8813 62.8 0.0504467
  64 28.8813 0 0
  65 29.8813 0 0
  66 30.8813 0 0
  67 31.8813 0 0
  68 32.8813 0 0
  69 33.8813 0 0
  70 34.8813 0 0
