# Chunk-averaged data for fix DENSITYFIXwater and group file
# Timestep Number-of-chunks Total-count
# Chunk Coord1 Ncount density/number
2500000 70 2520
  1 -34.1187 0 0
  2 -33.1187 0 0
  3 -32.1187 1 0.000803292
  4 -31.1187 0 0
  5 -30.1187 0 0
  6 -29.1187 0 0
  7 -28.1187 30 0.0240988
  8 -27.1187 89 0.071493
  9 -26.1187 16.4 0.013174
  10 -25.1187 54 0.0433778
  11 -24.1187 52 0.0417712
  12 -23.1187 34.8 0.0279546
  13 -22.1187 36.6 0.0294005
  14 -21.1187 47.2 0.0379154
  15 -20.1187 44 0.0353448
  16 -19.1187 45.4 0.0364694
  17 -18.1187 34.6 0.0277939
  18 -17.1187 49.6 0.0398433
  19 -16.1187 43.8 0.0351842
  20 -15.1187 43.6 0.0350235
  21 -14.1187 32 0.0257053
  22 -13.1187 48.6 0.03904
  23 -12.1187 46.4 0.0372727
  24 -11.1187 44.6 0.0358268
  25 -10.1187 39.8 0.031971
  26 -9.11872 45.2 0.0363088
  27 -8.11872 49.2 0.039522
  28 -7.11872 41 0.032935
  29 -6.11872 40.2 0.0322923
  30 -5.11872 47 0.0377547
  31 -4.11872 47.4 0.038076
  32 -3.11872 41 0.032935
  33 -2.11872 41.4 0.0332563
  34 -1.11872 44 0.0353448
  35 -0.118716 42.4 0.0340596
  36 0.881284 43.2 0.0347022
  37 1.88128 48.6 0.03904
  38 2.88128 38.6 0.0310071
  39 3.88128 40.6 0.0326136
  40 4.88128 41.2 0.0330956
  41 5.88128 48.4 0.0388793
  42 6.88128 53 0.0425745
  43 7.88128 39.4 0.0316497
  44 8.88128 40.6 0.0326136
  45 9.88128 42 0.0337383
  46 10.8813 46 0.0369514
  47 11.8813 42 0.0337383
  48 12.8813 44.8 0.0359875
  49 13.8813 45.4 0.0364694
  50 14.8813 43.8 0.0351842
  51 15.8813 47.8 0.0383974
  52 16.8813 31.2 0.0250627
  53 17.8813 45.8 0.0367908
  54 18.8813 58.4 0.0469122
  55 19.8813 27 0.0216889
  56 20.8813 57.8 0.0464303
  57 21.8813 35.2 0.0282759
  58 22.8813 38.8 0.0311677
  59 23.8813 36 0.0289185
  60 24.8813 68.2 0.0547845
  61 25.8813 15.6 0.0125314
  62 26.8813 47.2 0.0379154
  63 27.8813 81.2 0.0652273
  64 28.8813 0 0
  65 29.8813 0 0
  66 30.8813 0 0
  67 31.8813 0 0
  68 32.8813 0 0
  69 33.8813 0 0
  70 34.8813 0 0
3000000 70 2520
  1 -34.1187 0 0
  2 -33.1187 0 0
  3 -32.1187 1 0.000803292
  4 -31.1187 0 0
  5 -30.1187 0 0
  6 -29.1187 0 0
  7 -28.1187 37.2 0.0298825
  8 -27.1187 81.8 0.0657093
  9 -26.1187 23.2 0.0186364
  10 -25.1187 47.8 0.0383974
  11 -24.1187 39.8 0.031971
  12 -23.1187 50 0.0401646
  13 -22.1187 41 0.032935
  14 -21.1187 50.6 0.0406466
  15 -20.1187 40.8 0.0327743
  16 -19.1187 39.8 0.031971
  17 -18.1187 42 0.0337383
  18 -17.1187 47.6 0.0382367
  19 -16.1187 49.2 0.039522
  20 -15.1187 37.6 0.0302038
  21 -14.1187 38.2 0.0306857
  22 -13.1187 46.4 0.0372727
  23 -12.1187 40.6 0.0326136
  24 -11.1187 46 0.0369514
  25 -10.1187 43.2 0.0347022
  26 -9.11872 45.2 0.0363088
  27 -8.11872 43.8 0.0351842
  28 -7.11872 36.6 0.0294005
  29 -6.11872 48 0.038558
  30 -5.11872 43.6 0.0350235
  31 -4.11872 45.2 0.0363088
  32 -3.11872 41.2 0.0330956
  33 -2.11872 43.4 0.0348629
  34 -1.11872 45.4 0.0364694
  35 -0.118716 34.6 0.0277939
  36 0.881284 41.2 0.0330956
  37 1.88128 44.4 0.0356662
  38 2.88128 38.8 0.0311677
  39 3.88128 51 0.0409679
  40 4.88128 40.8 0.0327743
  41 5.88128 37.6 0.0302038
  42 6.88128 42.6 0.0342202
  43 7.88128 49 0.0393613
  44 8.88128 39.2 0.031489
  45 9.88128 43.2 0.0347022
  46 10.8813 47.2 0.0379154
  47 11.8813 45.8 0.0367908
  48 12.8813 34.6 0.0277939
  49 13.8813 51 0.0409679
  50 14.8813 40.8 0.0327743
  51 15.8813 44.4 0.0356662
  52 16.8813 53.6 0.0430564
  53 17.8813 43 0.0345415
  54 18.8813 44.6 0.0358268
  55 19.8813 44.2 0.0355055
  56 20.8813 43.4 0.0348629
  57 21.8813 47.2 0.0379154
  58 22.8813 38.2 0.0306857
  59 23.8813 43.2 0.0347022
  60 24.8813 52.6 0.0422532
  61 25.8813 22.6 0.0181544
  62 26.8813 55.4 0.0445024
  63 27.8813 69.6 0.0559091
  64 28.8813 0 0
  65 29.8813 0 0
  66 30.8813 0 0
  67 31.8813 0 0
  68 32.8813 0 0
  69 33.8813 0 0
  70 34.8813 0 0
3500000 70 2520
  1 -34.1187 0 0
  2 -33.1187 0 0
  3 -32.1187 1 0.000803292
  4 -31.1187 0 0
  5 -30.1187 0 0
  6 -29.1187 0 0
  7 -28.1187 35.8 0.0287578
  8 -27.1187 85 0.0682798
  9 -26.1187 19.6 0.0157445
  10 -25.1187 53.6 0.0430564
  11 -24.1187 49.6 0.0398433
  12 -23.1187 32.6 0.0261873
  13 -22.1187 40.2 0.0322923
  14 -21.1187 55.2 0.0443417
  15 -20.1187 39.6 0.0318104
  16 -19.1187 39.8 0.031971
  17 -18.1187 53.8 0.0432171
  18 -17.1187 36.4 0.0292398
  19 -16.1187 39 0.0313284
  20 -15.1187 41.8 0.0335776
  21 -14.1187 50.8 0.0408072
  22 -13.1187 44 0.0353448
  23 -12.1187 40.8 0.0327743
  24 -11.1187 43.6 0.0350235
  25 -10.1187 49.2 0.039522
  26 -9.11872 35.6 0.0285972
  27 -8.11872 46.8 0.0375941
  28 -7.11872 43.2 0.0347022
  29 -6.11872 42.6 0.0342202
  30 -5.11872 49.8 0.0400039
  31 -4.11872 41.2 0.0330956
  32 -3.11872 43 0.0345415
  33 -2.11872 44.6 0.0358268
  34 -1.11872 39.4 0.0316497
  35 -0.118716 44.6 0.0358268
  36 0.881284 44 0.0353448
  37 1.88128 45.4 0.0364694
  38 2.88128 46 0.0369514
  39 3.88128 41.4 0.0332563
  40 4.88128 48.8 0.0392006
  41 5.88128 38.2 0.0306857
  42 6.88128 48.4 0.0388793
  43 7.88128 39.8 0.031971
  44 8.88128 48.2 0.0387187
  45 9.88128 45.4 0.0364694
  46 10.8813 35.4 0.0284365
  47 11.8813 44.2 0.0355055
  48 12.8813 51.6 0.0414499
  49 13.8813 35 0.0281152
  50 14.8813 44 0.0353448
  51 15.8813 44 0.0353448
  52 16.8813 33.2 0.0266693
  53 17.8813 50.8 0.0408072
  54 18.8813 36.6 0.0294005
  55 19.8813 47 0.0377547
  56 20.8813 40.6 0.0326136
  57 21.8813 47 0.0377547
  58 22.8813 37.4 0.0300431
  59 23.8813 41.2 0.0330956
  60 24.8813 60.2 0.0483582
  61 25.8813 16.6 0.0133346
  62 26.8813 59.8 0.0480369
  63 27.8813 67.6 0.0543025
  64 28.8813 0 0
  65 29.8813 0 0
  66 30.8813 0 0
  67 31.8813 0 0
  68 32.8813 0 0
  69 33.8813 0 0
  70 34.8813 0 0
4000000 70 2520
  1 -34.1187 0 0
  2 -33.1187 0 0
  3 -32.1187 1 0.000803292
  4 -31.1187 0 0
  5 -30.1187 0 0
  6 -29.1187 0 0
  7 -28.1187 41.2 0.0330956
  8 -27.1187 77.4 0.0621748
  9 -26.1187 21.2 0.0170298
  10 -25.1187 51 0.0409679
  11 -24.1187 52.6 0.0422532
  12 -23.1187 33.4 0.0268299
  13 -22.1187 44.2 0.0355055
  14 -21.1187 50.6 0.0406466
  15 -20.1187 40.4 0.032453
  16 -19.1187 45.4 0.0364694
  17 -18.1187 43.6 0.0350235
  18 -17.1187 51.8 0.0416105
  19 -16.1187 30.6 0.0245807
  20 -15.1187 46.4 0.0372727
  21 -14.1187 47.2 0.0379154
  22 -13.1187 46 0.0369514
  23 -12.1187 46.6 0.0374334
  24 -11.1187 40.4 0.032453
  25 -10.1187 41 0.032935
  26 -9.11872 48 0.038558
  27 -8.11872 42.6 0.0342202
  28 -7.11872 44.2 0.0355055
  29 -6.11872 36.6 0.0294005
  30 -5.11872 41.6 0.0334169
  31 -4.11872 45.4 0.0364694
  32 -3.11872 42 0.0337383
  33 -2.11872 46 0.0369514
  34 -1.11872 36.8 0.0295611
  35 -0.118716 42.6 0.0342202
  36 0.881284 50.4 0.0404859
  37 1.88128 35.4 0.0284365
  38 2.88128 48.4 0.0388793
  39 3.88128 37 0.0297218
  40 4.88128 44.8 0.0359875
  41 5.88128 47 0.0377547
  42 6.88128 42 0.0337383
  43 7.88128 38.8 0.0311677
  44 8.88128 47.4 0.038076
  45 9.88128 41.4 0.0332563
  46 10.8813 45.8 0.0367908
  47 11.8813 43.8 0.0351842
  48 12.8813 44.8 0.0359875
  49 13.8813 36.2 0.0290792
  50 14.8813 46.4 0.0372727
  51 15.8813 41.2 0.0330956
  52 16.8813 47 0.0377547
  53 17.8813 46 0.0369514
  54 18.8813 39.6 0.0318104
  55 19.8813 41.2 0.0330956
  56 20.8813 42.2 0.0338989
  57 21.8813 48.4 0.0388793
  58 22.8813 39 0.0313284
  59 23.8813 41.6 0.0334169
  60 24.8813 56.2 0.045145
  61 25.8813 23.6 0.0189577
  62 26.8813 54.6 0.0438597
  63 27.8813 72 0.057837
  64 28.8813 0 0
  65 29.8813 0 0
  66 30.8813 0 0
  67 31.8813 0 0
  68 32.8813 0 0
  69 33.8813 0 0
  70 34.8813 0 0
4500000 70 2520
  1 -34.1187 0 0
  2 -33.1187 0 0
  3 -32.1187 1 0.000803292
  4 -31.1187 0 0
  5 -30.1187 0 0
  6 -29.1187 0 0
  7 -28.1187 39 0.0313284
  8 -27.1187 83.4 0.0669945
  9 -26.1187 23.4 0.018797
  10 -25.1187 46 0.0369514
  11 -24.1187 51.8 0.0416105
  12 -23.1187 38.8 0.0311677
  13 -22.1187 43 0.0345415
  14 -21.1187 45 0.0361481
  15 -20.1187 39.6 0.0318104
  16 -19.1187 51.4 0.0412892
  17 -18.1187 41.4 0.0332563
  18 -17.1187 49.4 0.0396826
  19 -16.1187 31.6 0.025384
  20 -15.1187 48.4 0.0388793
  21 -14.1187 46.8 0.0375941
  22 -13.1187 37.2 0.0298825
  23 -12.1187 48.8 0.0392006
  24 -11.1187 41.4 0.0332563
  25 -10.1187 41.4 0.0332563
  26 -9.11872 46.8 0.0375941
  27 -8.11872 43.2 0.0347022
  28 -7.11872 44.6 0.0358268
  29 -6.11872 43.6 0.0350235
  30 -5.11872 47.4 0.038076
  31 -4.11872 39.4 0.0316497
  32 -3.11872 40.6 0.0326136
  33 -2.11872 50 0.0401646
  34 -1.11872 37 0.0297218
  35 -0.118716 47.6 0.0382367
  36 0.881284 46 0.0369514
  37 1.88128 38 0.0305251
  38 2.88128 45.2 0.0363088
  39 3.88128 46.8 0.0375941
  40 4.88128 35.6 0.0285972
  41 5.88128 50.2 0.0403253
  42 6.88128 37.4 0.0300431
  43 7.88128 42.8 0.0343809
  44 8.88128 48.8 0.0392006
  45 9.88128 36 0.0289185
  46 10.8813 48.2 0.0387187
  47 11.8813 44.6 0.0358268
  48 12.8813 40.6 0.0326136
  49 13.8813 43.6 0.0350235
  50 14.8813 45.8 0.0367908
  51 15.8813 41.2 0.0330956
  52 16.8813 43.4 0.0348629
  53 17.8813 44.8 0.0359875
  54 18.8813 37.4 0.0300431
  55 19.8813 45.8 0.0367908
  56 20.8813 42 0.0337383
  57 21.8813 50 0.0401646
  58 22.8813 34 0.0273119
  59 23.8813 47.4 0.038076
  60 24.8813 55.8 0.0448237
  61 25.8813 12.6 0.0101215
  62 26.8813 60 0.0481975
  63 27.8813 67 0.0538206
  64 28.8813 0 0
  65 29.8813 0 0
  66 30.8813 0 0
  67 31.8813 0 0
  68 32.8813 0 0
  69 33.8813 0 0
  70 34.8813 0 0
